H-Nr	AAId	AA	I/A	ges	Kont	Memb	Hel	H2O
6	  49 A	L	0	8	6	0	3	6
6	  50 A	W	0	14	3	0	2	1
6	  51 A	E	0	9	5	0	0	5
6	  52 A	L	0	8	5	3	0	5
6	  53 A	V	0	7	4	4	2	4
6	  54 A	I	1	8	3	1	2	1
6	  55 A	E	1	9	8	5	0	8
6	  56 A	Q	1	9	8	7	0	5
6	  57 A	F	1	11	5	5	0	0
6	  58 A	E	1	9	5	4	1	0
6	  59 A	D	1	8	6	6	0	1
6	  60 A	L	1	8	5	5	0	0
6	  61 A	L	1	8	4	1	4	0
6	  62 A	V	1	7	3	2	3	0
6	  63 A	R	1	11	10	10	0	0
6	  64 A	I	1	8	5	4	2	0
6	  65 A	L	1	8	3	0	3	0
6	  66 A	L	1	8	4	4	2	0
6	  67 A	L	1	8	5	5	0	0
6	  68 A	A	1	5	2	2	1	1
6	  69 A	A	1	5	3	0	3	0
6	  70 A	C	1	6	3	3	0	3
6	  71 A	I	1	8	5	5	1	5
6	  72 A	S	0	6	4	0	1	4
6	  73 A	F	0	11	9	3	6	8
6	  74 A	V	0	7	4	2	0	4
6	  75 A	L	0	8	4	0	1	4
6	  76 A	A	0	5	3	0	0	3
6	  77 A	W	0	14	12	0	0	12
6	  78 A	F	0	11	10	0	0	10
8	  86 A	T	0	7	4	0	0	4
8	  87 A	A	0	5	3	0	0	3
8	  88 A	F	0	11	6	2	3	5
8	  89 A	V	0	7	2	2	0	2
8	  90 A	E	1	9	6	0	4	6
8	  91 A	P	1	7	5	3	1	3
8	  92 A	F	1	11	10	10	2	5
8	  93 A	V	1	7	4	3	1	1
8	  94 A	I	1	8	3	0	3	0
8	  95 A	L	1	8	4	4	2	0
8	  96 A	L	1	8	4	4	0	1
8	  97 A	I	1	8	2	1	1	0
8	  98 A	L	1	8	6	6	3	0
8	  99 A	I	1	8	4	4	0	0
8	 100 A	A	1	5	2	2	1	0
8	 101 A	N	1	8	6	6	1	0
8	 102 A	A	1	5	4	4	0	0
8	 103 A	I	1	8	4	4	0	0
8	 104 A	V	1	7	4	4	0	0
8	 105 A	G	1	4	2	2	0	1
8	 106 A	V	0	7	4	4	0	4
8	 107 A	W	0	14	11	7	0	11
8	 108 A	Q	0	9	3	3	0	2
8	 109 A	E	0	9	6	3	0	6
8	 110 A	R	0	11	7	2	0	7
8	 111 A	N	0	8	6	0	0	6
8	 112 A	A	0	5	1	0	0	1
8	 113 A	E	0	9	8	0	0	8
8	 114 A	N	0	8	6	0	0	6
8	 115 A	A	0	5	2	0	0	2
8	 116 A	I	0	8	5	0	0	5
8	 117 A	E	0	9	7	0	0	7
28	 248 A	P	0	7	5	0	0	5
28	 249 A	L	0	8	4	0	3	3
28	 250 A	Q	0	9	5	0	0	5
28	 251 A	Q	0	9	7	0	0	7
28	 252 A	K	0	9	5	0	0	5
28	 253 A	L	0	8	3	0	0	3
28	 254 A	D	0	8	4	0	3	3
28	 255 A	E	0	9	7	0	0	7
28	 256 A	F	0	11	5	1	2	3
28	 257 A	G	0	4	3	0	3	0
28	 258 A	E	0	9	6	3	2	5
28	 259 A	Q	1	9	6	3	0	6
28	 260 A	L	1	8	2	2	0	2
28	 261 A	S	1	6	3	3	2	0
28	 262 A	K	1	9	6	6	0	5
28	 263 A	V	1	7	4	4	0	1
28	 264 A	I	1	8	2	2	2	0
28	 265 A	S	1	6	3	3	0	0
28	 266 A	L	1	8	6	6	0	0
28	 267 A	I	1	8	6	4	4	0
28	 268 A	C	1	6	3	1	3	0
28	 269 A	V	1	7	4	4	0	0
28	 270 A	A	1	5	2	2	1	0
28	 271 A	V	1	7	3	1	3	1
28	 272 A	W	1	14	9	8	4	3
28	 273 A	L	1	8	6	6	0	2
30	 290 A	R	0	11	8	0	1	8
30	 291 A	G	0	4	0	0	0	0
30	 292 A	A	0	5	3	2	2	2
30	 293 A	I	0	8	5	4	1	5
30	 294 A	Y	0	12	6	0	3	6
30	 295 A	Y	1	12	5	2	2	3
30	 296 A	F	1	11	9	7	5	2
30	 297 A	K	1	9	5	0	5	2
30	 298 A	I	1	8	3	2	3	2
30	 299 A	A	1	5	2	2	2	0
30	 300 A	V	1	7	4	2	2	0
30	 301 A	A	1	5	1	0	1	0
30	 302 A	L	1	8	6	0	6	0
30	 303 A	A	1	5	2	1	2	0
30	 304 A	V	1	7	3	1	3	0
30	 305 A	A	1	5	3	0	3	0
30	 306 A	A	1	5	3	3	2	0
105	 740 A	F	0	11	0	0	0	0
105	 741 A	S	0	6	3	0	0	3
105	 742 A	T	0	7	3	0	0	3
105	 743 A	I	0	8	0	0	0	0
105	 744 A	V	0	7	2	0	0	2
105	 745 A	A	0	5	3	0	0	3
105	 746 A	A	0	5	0	0	0	0
105	 747 A	V	0	7	0	0	0	0
105	 748 A	E	0	9	5	0	0	5
105	 749 A	E	0	9	2	0	0	2
105	 750 A	G	0	4	1	0	0	1
105	 751 A	R	0	11	5	0	0	5
105	 752 A	A	0	5	1	0	0	1
105	 753 A	I	0	8	2	0	0	2
105	 754 A	Y	0	12	7	0	2	6
105	 755 A	N	0	8	3	0	0	3
105	 756 A	N	0	8	1	0	0	1
105	 757 A	M	0	8	3	0	1	2
105	 758 A	K	0	9	4	0	2	3
105	 759 A	Q	0	9	0	0	0	0
105	 760 A	F	0	11	0	0	0	0
105	 761 A	I	0	8	0	0	0	0
105	 762 A	R	1	11	6	0	6	0
105	 763 A	Y	1	12	3	0	3	0
105	 764 A	L	1	8	0	0	0	0
105	 765 A	I	1	8	4	3	4	2
105	 766 A	S	1	6	2	0	2	0
105	 767 A	S	1	6	2	0	2	0
105	 768 A	N	1	8	3	2	2	0
105	 769 A	V	1	7	4	4	0	0
105	 770 A	G	1	4	2	0	2	0
105	 771 A	E	1	9	4	0	4	0
105	 772 A	V	1	7	3	3	3	0
105	 773 A	V	1	7	3	2	1	0
105	 774 A	C	1	6	5	1	5	0
105	 775 A	I	1	8	6	4	3	2
105	 776 A	F	1	11	8	8	2	0
105	 777 A	L	1	8	5	5	4	2
105	 778 A	T	0	7	5	2	2	5
105	 779 A	A	0	5	4	3	0	4
105	 780 A	A	0	5	4	3	0	4
105	 781 A	L	0	8	7	1	0	7
107	 789 A	P	1	7	3	0	2	2
107	 790 A	V	1	7	3	0	2	2
107	 791 A	Q	1	9	3	0	3	0
107	 792 A	L	1	8	2	0	2	0
107	 793 A	L	1	8	4	0	4	0
107	 794 A	W	1	14	4	2	3	0
107	 795 A	V	1	7	3	0	3	0
107	 796 A	N	1	8	5	4	3	0
107	 797 A	L	1	8	6	5	3	0
107	 798 A	V	1	7	4	3	2	0
107	 799 A	T	1	7	4	0	4	0
111	 831 A	G	0	4	4	3	0	4
111	 832 A	W	0	14	10	4	5	7
111	 833 A	L	0	8	2	0	1	2
111	 834 A	F	1	11	7	7	0	3
111	 835 A	F	1	11	8	8	1	1
111	 836 A	R	1	11	4	0	3	1
111	 837 A	Y	1	12	7	1	7	0
111	 838 A	M	1	8	7	7	0	0
111	 839 A	A	1	5	3	3	0	0
111	 840 A	I	1	8	3	0	3	0
111	 841 A	G	1	4	1	0	1	0
111	 842 A	G	1	4	3	3	0	0
111	 843 A	Y	1	12	9	6	5	0
111	 844 A	V	1	7	4	0	4	0
111	 845 A	G	1	4	2	0	2	0
111	 846 A	A	1	5	4	3	2	1
111	 847 A	A	1	5	4	2	3	1
111	 848 A	T	1	7	3	0	3	0
111	 849 A	V	1	7	4	1	3	2
111	 850 A	G	0	4	3	2	0	3
111	 851 A	A	0	5	3	1	2	1
111	 852 A	A	0	5	2	0	1	2
111	 853 A	A	0	5	4	1	0	4
111	 854 A	W	0	14	11	0	6	7
111	 855 A	W	0	14	8	0	8	3
111	 856 A	F	0	11	5	0	4	2
113	 894 A	P	0	7	3	0	0	3
113	 895 A	E	0	9	7	0	4	7
113	 896 A	P	0	7	3	0	3	1
113	 897 A	M	0	8	3	0	0	3
113	 898 A	T	0	7	1	0	0	1
113	 899 A	M	0	8	3	0	2	1
113	 900 A	A	1	5	4	0	4	0
113	 901 A	L	1	8	3	0	3	0
113	 902 A	S	1	6	4	0	4	0
113	 903 A	V	1	7	4	0	4	0
113	 904 A	L	1	8	4	0	4	0
113	 905 A	V	1	7	1	0	1	0
113	 906 A	T	1	7	3	1	2	0
113	 907 A	I	1	8	5	0	5	0
113	 908 A	E	1	9	6	0	6	0
113	 909 A	M	1	8	6	3	4	0
113	 910 A	C	1	6	5	2	4	0
113	 911 A	N	1	8	3	0	3	0
115	 931 A	I	0	8	6	3	0	6
115	 932 A	W	0	14	11	4	0	11
115	 933 A	L	1	8	0	0	0	0
115	 934 A	L	1	8	5	5	0	2
115	 935 A	G	1	4	4	4	0	2
115	 936 A	S	1	6	4	4	0	1
115	 937 A	I	1	8	5	3	4	0
115	 938 A	C	1	6	3	3	0	0
115	 939 A	L	1	8	5	5	0	0
115	 940 A	S	1	6	3	1	3	0
115	 941 A	M	1	8	4	3	2	0
115	 942 A	S	1	6	3	3	0	0
115	 943 A	L	1	8	6	3	3	0
115	 944 A	H	1	10	4	0	4	0
115	 945 A	F	1	11	8	8	3	3
115	 946 A	L	1	8	5	5	0	1
115	 947 A	I	1	8	3	1	2	0
115	 948 A	L	1	8	1	0	0	1
115	 949 A	Y	0	12	10	7	0	10
119	 964 A	L	0	8	6	6	0	6
119	 965 A	T	0	7	6	4	0	6
119	 966 A	Q	0	9	5	0	1	5
119	 967 A	W	1	14	9	6	4	1
119	 968 A	L	1	8	4	4	0	3
119	 969 A	M	1	8	5	4	3	3
119	 970 A	V	1	7	2	0	2	0
119	 971 A	L	1	8	4	4	0	0
119	 972 A	K	1	9	7	7	0	5
119	 973 A	I	1	8	4	2	3	2
119	 974 A	S	1	6	3	0	3	0
119	 975 A	L	1	8	6	6	0	0
119	 976 A	P	1	7	5	5	2	0
119	 977 A	V	1	7	3	0	3	0
119	 978 A	I	1	8	4	3	2	0
119	 979 A	G	1	4	3	3	0	0
119	 980 A	L	1	8	6	6	2	0
119	 981 A	D	1	8	5	0	5	0
119	 982 A	E	1	9	5	5	0	1
119	 983 A	I	1	8	5	5	0	0
119	 984 A	L	1	8	5	2	5	0
119	 985 A	K	1	9	0	0	0	0
119	 986 A	F	1	11	7	7	0	5
119	 987 A	I	1	8	5	5	3	3
119	 988 A	A	0	5	1	0	1	1
119	 989 A	R	0	11	7	3	0	7
119	 990 A	N	0	8	7	4	0	7
119	 991 A	Y	0	12	11	1	0	11
