H-Nr	AAId	AA	I/A	ges	Kont	Memb	Hel	H2O
2	   7 A	K	0	9	8	0	0	8
2	   8 A	A	0	5	4	0	0	4
2	   9 A	D	0	8	3	0	0	3
2	  10 A	N	0	8	5	0	4	2
2	  11 A	A	0	5	3	0	0	3
2	  12 A	F	0	11	7	2	2	6
2	  13 A	M	0	8	2	0	2	1
2	  14 A	M	0	8	6	4	1	6
2	  15 A	I	0	8	4	3	0	4
2	  16 A	C	1	6	2	1	1	1
2	  17 A	T	1	7	3	2	3	1
2	  18 A	A	1	5	4	4	0	1
2	  19 A	L	1	8	5	4	1	1
2	  20 A	V	1	7	3	0	3	0
2	  21 A	L	1	8	5	5	2	0
2	  22 A	F	1	11	9	9	5	0
2	  23 A	M	1	8	5	0	5	0
2	  24 A	T	1	7	3	0	3	0
6	  41 A	V	0	7	3	0	0	3
6	  42 A	L	0	8	6	0	0	6
6	  43 A	S	0	6	4	0	0	4
6	  44 A	M	0	8	2	0	0	2
6	  45 A	L	0	8	5	5	0	5
6	  46 A	T	1	7	5	4	1	5
6	  47 A	Q	1	9	3	0	2	1
6	  48 A	V	1	7	0	0	0	0
6	  49 A	T	1	7	4	4	0	2
6	  50 A	V	1	7	5	5	3	1
6	  51 A	T	1	7	3	0	3	0
6	  52 A	F	1	11	5	3	3	0
6	  53 A	A	1	5	3	3	0	0
6	  54 A	L	1	8	6	6	1	0
6	  55 A	V	1	7	2	0	2	0
6	  56 A	C	1	6	5	5	1	0
6	  57 A	I	1	8	4	4	0	0
6	  58 A	L	1	8	3	1	2	0
6	  59 A	W	1	14	6	2	5	1
6	  60 A	V	1	7	3	3	0	2
6	  61 A	V	1	7	3	3	0	0
13	  97 A	Q	0	9	3	0	0	3
13	  98 A	Y	0	12	7	1	0	7
13	  99 A	I	0	8	5	3	3	4
13	 100 A	H	0	10	3	0	0	3
13	 101 A	V	0	7	2	2	0	2
13	 102 A	A	1	5	4	3	2	2
13	 103 A	F	1	11	8	0	8	2
13	 104 A	Q	1	9	3	0	2	1
13	 105 A	G	1	4	4	3	2	0
13	 106 A	S	1	6	3	2	2	0
13	 107 A	F	1	11	5	0	5	2
13	 108 A	A	1	5	2	0	2	0
13	 109 A	C	1	6	2	1	2	0
13	 110 A	I	1	8	4	0	4	0
13	 111 A	T	1	7	3	0	3	0
13	 112 A	V	1	7	3	0	3	0
13	 113 A	G	1	4	0	0	0	0
13	 114 A	L	1	8	2	0	2	0
13	 115 A	I	1	8	3	0	3	0
13	 116 A	V	1	7	3	0	3	0
13	 117 A	G	1	4	0	0	0	0
13	 118 A	A	0	5	1	0	1	0
13	 119 A	L	0	8	3	0	1	3
15	 125 A	F	0	11	8	5	4	7
15	 126 A	S	0	6	4	3	0	4
15	 127 A	A	0	5	1	0	1	0
15	 128 A	V	1	7	1	0	1	0
15	 129 A	L	1	8	5	5	1	2
15	 130 A	I	1	8	5	5	3	1
15	 131 A	F	1	11	5	0	5	0
15	 132 A	V	1	7	3	0	3	0
15	 133 A	V	1	7	3	3	1	0
15	 134 A	V	1	7	4	4	3	0
15	 135 A	W	1	14	8	0	8	0
15	 136 A	L	1	8	2	0	2	0
15	 137 A	T	1	7	4	4	0	0
15	 138 A	L	1	8	5	5	2	0
15	 139 A	S	1	6	2	0	2	0
15	 140 A	Y	1	12	5	0	5	0
15	 141 A	I	1	8	1	1	0	0
15	 142 A	P	1	7	2	2	1	0
15	 143 A	I	1	8	2	0	2	0
15	 144 A	A	1	5	0	0	0	0
15	 145 A	H	0	10	2	0	0	2
15	 146 A	M	0	8	1	0	1	0
15	 147 A	V	0	7	2	0	0	2
15	 148 A	W	0	14	12	0	2	11
19	 168 A	H	1	10	6	0	6	0
19	 169 A	I	1	8	4	1	4	0
19	 170 A	N	1	8	3	0	3	0
19	 171 A	A	1	5	1	0	1	0
19	 172 A	A	1	5	1	1	1	0
19	 173 A	I	1	8	4	3	4	0
19	 174 A	A	1	5	2	0	2	0
19	 175 A	G	1	4	2	0	2	0
19	 176 A	L	1	8	6	6	1	3
19	 177 A	V	1	7	4	3	2	3
19	 178 A	G	0	4	4	0	2	3
19	 179 A	A	0	5	4	1	0	4
19	 180 A	Y	0	12	11	3	0	11
22	 198 A	L	0	8	5	0	2	5
22	 199 A	P	0	7	6	4	0	6
22	 200 A	M	0	8	5	4	0	5
22	 201 A	V	0	7	0	0	0	0
22	 202 A	F	1	11	7	7	0	4
22	 203 A	T	1	7	3	3	0	1
22	 204 A	G	1	4	0	0	0	0
22	 205 A	T	1	7	3	2	3	0
22	 206 A	A	1	5	3	3	0	0
22	 207 A	I	1	8	3	2	2	0
22	 208 A	L	1	8	2	0	2	0
22	 209 A	Y	1	12	8	8	2	0
22	 210 A	I	1	8	5	5	0	0
22	 211 A	G	1	4	2	0	2	0
22	 212 A	W	1	14	9	0	9	0
22	 213 A	F	1	11	9	6	5	2
22	 214 A	G	1	4	2	1	2	1
22	 215 A	F	1	11	10	0	10	0
22	 216 A	N	1	8	2	0	2	0
22	 217 A	A	0	5	1	1	1	1
24	 225 A	E	0	9	8	0	0	8
24	 226 A	I	0	8	4	0	0	4
24	 227 A	A	0	5	2	0	1	2
24	 228 A	A	0	5	5	0	0	5
24	 229 A	L	0	8	6	0	0	6
24	 230 A	A	0	5	0	0	0	0
24	 231 A	F	1	11	7	7	6	5
24	 232 A	V	1	7	3	3	1	3
24	 233 A	N	1	8	3	0	3	0
24	 234 A	T	1	7	3	0	3	0
24	 235 A	V	1	7	4	4	1	2
24	 236 A	V	1	7	5	5	2	1
24	 237 A	A	1	5	1	0	1	0
24	 238 A	T	1	7	3	2	3	0
24	 239 A	A	1	5	2	2	0	0
24	 240 A	A	1	5	3	3	1	0
24	 241 A	A	1	5	1	0	1	0
24	 242 A	I	1	8	4	3	2	0
24	 243 A	L	1	8	6	6	0	0
24	 244 A	G	1	4	3	2	1	0
24	 245 A	W	1	14	9	0	9	2
24	 246 A	I	1	8	4	4	1	2
24	 247 A	F	1	11	8	8	0	5
24	 248 A	G	1	4	2	1	2	1
24	 249 A	E	0	9	2	0	0	2
24	 250 A	W	0	14	11	4	0	11
24	 251 A	A	0	5	4	1	0	4
24	 252 A	L	0	8	7	2	1	7
24	 253 A	R	0	11	10	0	0	10
26	 258 A	L	0	8	6	5	1	6
26	 259 A	L	0	8	5	0	1	5
26	 260 A	G	0	4	4	0	3	2
26	 261 A	A	1	5	5	3	3	1
26	 262 A	C	1	6	3	2	2	0
26	 263 A	S	1	6	3	0	1	3
26	 264 A	G	1	4	3	0	3	0
26	 265 A	A	1	5	3	1	3	0
26	 266 A	I	1	8	3	0	1	2
26	 267 A	A	1	5	1	0	1	0
26	 268 A	G	1	4	2	0	2	0
26	 269 A	L	1	8	5	0	5	0
26	 270 A	V	1	7	3	0	3	0
26	 271 A	G	1	4	0	0	0	0
26	 272 A	V	1	7	3	0	3	0
28	 281 A	V	0	7	6	6	1	5
28	 282 A	G	1	4	4	4	0	2
28	 283 A	G	1	4	2	1	1	1
28	 284 A	A	1	5	2	0	2	0
28	 285 A	L	1	8	4	4	2	1
28	 286 A	I	1	8	4	4	3	0
28	 287 A	I	1	8	2	0	2	0
28	 288 A	G	1	4	1	0	1	0
28	 289 A	V	1	7	3	3	1	0
28	 290 A	V	1	7	4	4	3	0
28	 291 A	A	1	5	0	0	0	0
28	 292 A	G	1	4	1	0	1	0
28	 293 A	L	1	8	6	6	1	0
28	 294 A	A	1	5	3	3	1	0
28	 295 A	G	1	4	2	0	2	0
28	 296 A	L	1	8	6	2	5	3
28	 297 A	W	1	14	11	11	0	5
28	 298 A	G	1	4	3	3	0	2
28	 299 A	V	0	7	6	2	2	6
28	 300 A	T	0	7	6	0	0	6
31	 314 A	V	1	7	4	0	0	4
31	 315 A	F	1	11	6	1	5	0
31	 316 A	G	1	4	2	2	0	1
31	 317 A	V	1	7	2	0	1	2
31	 318 A	H	1	10	3	0	3	0
31	 319 A	G	1	4	3	2	2	0
31	 320 A	V	1	7	3	3	1	0
31	 321 A	C	1	6	3	0	3	0
31	 322 A	G	1	4	3	0	3	0
31	 323 A	I	1	8	4	3	1	0
31	 324 A	V	1	7	4	4	2	0
31	 325 A	G	1	4	0	0	0	0
31	 326 A	C	1	6	2	0	2	0
31	 327 A	I	1	8	4	3	3	0
31	 328 A	M	1	8	4	3	3	0
31	 329 A	T	1	7	0	0	0	0
31	 330 A	G	0	4	2	0	2	0
31	 331 A	I	0	8	4	3	3	2
31	 332 A	F	0	11	4	4	3	3
33	 348 A	M	0	8	5	3	2	5
33	 349 A	G	0	4	4	1	0	4
33	 350 A	H	0	10	8	1	0	8
33	 351 A	Q	0	9	1	0	0	1
33	 352 A	L	1	8	4	4	3	2
33	 353 A	L	1	8	6	6	0	5
33	 354 A	V	1	7	3	2	0	3
33	 355 A	Q	1	9	2	0	2	0
33	 356 A	L	1	8	6	6	1	0
33	 357 A	E	1	9	6	6	0	4
33	 358 A	S	1	6	0	0	0	0
33	 359 A	I	1	8	4	3	3	0
33	 360 A	A	1	5	3	3	0	0
33	 361 A	I	1	8	6	6	0	2
33	 362 A	T	1	7	2	0	2	0
33	 363 A	I	1	8	5	4	3	0
33	 364 A	V	1	7	5	5	0	0
33	 365 A	W	1	14	10	10	8	1
33	 366 A	S	1	6	3	0	3	0
33	 367 A	G	1	4	4	3	2	0
33	 368 A	V	1	7	4	4	0	0
33	 369 A	V	1	7	3	1	3	0
33	 370 A	A	1	5	2	0	2	0
33	 371 A	F	1	11	7	7	0	3
33	 372 A	I	1	8	5	5	0	0
33	 373 A	G	1	4	1	0	1	0
33	 374 A	Y	1	12	7	0	7	2
33	 375 A	K	1	9	5	4	0	5
33	 376 A	L	1	8	6	6	1	1
33	 377 A	A	1	5	1	0	1	0
33	 378 A	D	0	8	6	0	0	6
33	 379 A	L	0	8	7	5	0	7
33	 380 A	T	0	7	6	5	1	6
