H-Nr	AAId	AA	I/A	ges	Kont	Memb	Hel	H2O
4	  12 A	M	0	8	3	0	1	3
4	  13 A	V	0	7	5	2	2	4
4	  14 A	F	0	11	7	2	6	3
4	  15 A	A	0	5	1	0	1	0
4	  16 A	V	1	7	3	1	3	1
4	  17 A	L	1	8	4	4	4	2
4	  18 A	A	1	5	4	0	4	0
4	  19 A	M	1	8	4	0	4	0
4	  20 A	A	1	5	2	1	2	0
4	  21 A	T	1	7	5	4	3	0
4	  22 A	A	1	5	1	0	1	0
4	  23 A	T	1	7	3	0	3	0
4	  24 A	I	1	8	3	2	3	0
4	  25 A	F	1	11	8	4	8	0
4	  26 A	S	1	6	2	0	2	0
4	  27 A	G	1	4	0	0	0	0
4	  28 A	I	1	8	4	2	4	0
4	  29 A	G	1	4	0	0	0	0
4	  30 A	S	1	6	2	0	2	0
4	  31 A	A	1	5	2	0	2	0
4	  32 A	K	1	9	8	8	3	4
4	  33 A	G	1	4	1	1	0	1
4	  34 A	V	0	7	3	2	2	1
4	  35 A	G	0	4	3	1	3	2
4	  36 A	M	0	8	6	3	3	6
4	  37 A	T	0	7	3	0	3	0
4	  38 A	G	0	4	0	0	0	0
4	  39 A	E	0	9	7	0	3	7
4	  40 A	A	0	5	3	0	1	3
4	  41 A	A	0	5	1	0	1	0
4	  42 A	A	0	5	3	0	3	1
4	  43 A	A	0	5	4	0	0	4
4	  44 A	L	0	8	6	0	4	4
4	  45 A	T	0	7	2	0	2	0
8	  64 A	T	1	7	3	2	2	1
8	  65 A	Q	1	9	5	0	5	0
8	  66 A	G	1	4	2	0	2	0
8	  67 A	L	1	8	4	4	1	0
8	  68 A	Y	1	12	8	3	6	0
8	  69 A	G	1	4	2	0	2	0
8	  70 A	F	1	11	7	3	6	0
8	  71 A	V	1	7	4	4	2	0
8	  72 A	I	1	8	4	0	4	0
8	  73 A	A	1	5	2	0	2	0
8	  74 A	F	1	11	6	6	1	0
8	  75 A	L	1	8	4	2	3	1
8	  76 A	I	1	8	4	0	4	0
8	  77 A	F	1	11	9	5	6	5
8	  78 A	I	0	8	7	6	0	7
10	  86 A	V	0	7	4	0	1	3
10	  87 A	V	0	7	3	0	0	3
10	  88 A	Q	0	9	5	0	0	5
10	  89 A	G	0	4	3	0	3	0
10	  90 A	L	0	8	5	3	3	5
10	  91 A	N	0	8	3	0	3	1
10	  92 A	F	0	11	7	0	6	1
10	  93 A	L	1	8	5	3	4	2
10	  94 A	G	1	4	3	2	2	2
10	  95 A	A	1	5	3	0	3	0
10	  96 A	S	1	6	2	0	2	0
10	  97 A	L	1	8	6	3	5	0
10	  98 A	P	1	7	4	0	4	0
10	  99 A	I	1	8	5	0	5	0
10	 100 A	A	1	5	4	0	4	0
10	 101 A	F	1	11	7	7	3	0
10	 102 A	T	1	7	2	0	2	0
10	 103 A	G	1	4	2	0	2	0
10	 104 A	L	1	8	4	3	2	0
10	 105 A	F	1	11	8	5	5	0
10	 106 A	S	1	6	3	0	3	0
10	 107 A	G	1	4	1	0	1	0
10	 108 A	I	1	8	6	5	2	2
10	 109 A	A	1	5	3	3	1	3
10	 110 A	Q	1	9	2	1	2	1
10	 111 A	G	0	4	1	1	0	1
10	 112 A	K	0	9	7	4	2	7
10	 113 A	V	0	7	1	0	1	0
10	 114 A	A	0	5	1	0	1	0
10	 115 A	A	0	5	3	0	1	3
10	 116 A	A	0	5	4	0	1	4
10	 117 A	G	0	4	0	0	0	0
10	 118 A	I	0	8	4	0	4	1
10	 119 A	Q	0	9	5	0	0	5
10	 120 A	I	0	8	2	0	2	0
10	 121 A	L	0	8	2	0	2	0
10	 122 A	A	0	5	3	0	2	2
10	 123 A	K	0	9	7	0	0	7
14	 139 A	E	1	9	5	5	4	3
14	 140 A	T	1	7	5	5	0	1
14	 141 A	Y	1	12	7	1	6	0
14	 142 A	A	1	5	1	0	1	0
14	 143 A	I	1	8	4	4	1	0
14	 144 A	L	1	8	4	1	4	0
14	 145 A	G	1	4	2	0	2	0
14	 146 A	F	1	11	7	3	5	0
14	 147 A	V	1	7	3	3	2	0
14	 148 A	I	1	8	4	0	4	0
14	 149 A	S	1	6	2	0	2	0
14	 150 A	F	1	11	9	7	5	0
14	 151 A	L	1	8	4	3	2	0
14	 152 A	L	1	8	5	0	5	0
14	 153 A	V	1	7	5	0	5	1
14	 154 A	L	0	8	7	7	0	5
14	 155 A	N	0	8	7	3	1	7
19	  12 B	M	0	8	3	0	1	3
19	  13 B	V	0	7	5	3	2	4
19	  14 B	F	0	11	7	2	6	3
19	  15 B	A	0	5	1	0	1	0
19	  16 B	V	1	7	3	1	3	1
19	  17 B	L	1	8	4	4	3	2
19	  18 B	A	1	5	4	0	4	0
19	  19 B	M	1	8	4	0	4	0
19	  20 B	A	1	5	2	1	2	0
19	  21 B	T	1	7	4	3	3	0
19	  22 B	A	1	5	1	0	1	0
19	  23 B	T	1	7	3	0	3	0
19	  24 B	I	1	8	3	2	3	0
19	  25 B	F	1	11	8	4	8	0
19	  26 B	S	1	6	2	0	2	0
19	  27 B	G	1	4	0	0	0	0
19	  28 B	I	1	8	4	2	4	0
19	  29 B	G	1	4	0	0	0	0
19	  30 B	S	1	6	2	0	2	0
19	  31 B	A	1	5	2	0	2	0
19	  32 B	K	1	9	8	8	3	5
19	  33 B	G	1	4	1	1	0	1
19	  34 B	V	0	7	3	2	2	2
19	  35 B	G	0	4	3	1	2	2
19	  36 B	M	0	8	6	3	3	6
19	  37 B	T	0	7	3	0	3	0
19	  38 B	G	0	4	0	0	0	0
19	  39 B	E	0	9	7	0	3	7
19	  40 B	A	0	5	3	0	1	3
19	  41 B	A	0	5	1	0	1	0
19	  42 B	A	0	5	3	0	3	1
19	  43 B	A	0	5	4	0	0	4
19	  44 B	L	0	8	6	0	4	4
19	  45 B	T	0	7	2	0	2	0
23	  64 B	T	1	7	3	2	2	1
23	  65 B	Q	1	9	5	0	5	0
23	  66 B	G	1	4	2	0	2	0
23	  67 B	L	1	8	4	4	1	0
23	  68 B	Y	1	12	7	3	5	0
23	  69 B	G	1	4	2	0	2	0
23	  70 B	F	1	11	7	3	6	0
23	  71 B	V	1	7	4	4	2	0
23	  72 B	I	1	8	4	0	4	0
23	  73 B	A	1	5	2	0	2	0
23	  74 B	F	1	11	6	6	1	0
23	  75 B	L	1	8	4	2	3	1
23	  76 B	I	1	8	4	0	4	0
23	  77 B	F	1	11	8	5	5	5
23	  78 B	I	0	8	7	6	0	7
25	  86 B	V	0	7	4	0	1	3
25	  87 B	V	0	7	3	0	0	3
25	  88 B	Q	0	9	5	0	0	5
25	  89 B	G	0	4	3	0	3	0
25	  90 B	L	0	8	5	3	3	5
25	  91 B	N	0	8	3	0	3	1
25	  92 B	F	0	11	7	0	6	1
25	  93 B	L	1	8	5	3	4	2
25	  94 B	G	1	4	3	2	2	2
25	  95 B	A	1	5	3	0	3	0
25	  96 B	S	1	6	2	0	2	0
25	  97 B	L	1	8	5	2	5	0
25	  98 B	P	1	7	4	0	4	0
25	  99 B	I	1	8	5	0	5	0
25	 100 B	A	1	5	4	0	4	0
25	 101 B	F	1	11	7	7	3	0
25	 102 B	T	1	7	2	0	2	0
25	 103 B	G	1	4	2	0	2	0
25	 104 B	L	1	8	4	3	2	0
25	 105 B	F	1	11	8	6	4	0
25	 106 B	S	1	6	3	0	3	0
25	 107 B	G	1	4	1	0	1	0
25	 108 B	I	1	8	6	5	2	2
25	 109 B	A	1	5	3	3	1	3
25	 110 B	Q	1	9	5	1	5	0
25	 111 B	G	0	4	1	1	0	1
25	 112 B	K	0	9	7	4	2	7
25	 113 B	V	0	7	3	0	3	0
25	 114 B	A	0	5	1	0	1	0
25	 115 B	A	0	5	3	0	1	3
25	 116 B	A	0	5	4	0	1	4
25	 117 B	G	0	4	0	0	0	0
25	 118 B	I	0	8	4	0	4	1
25	 119 B	Q	0	9	5	0	0	5
25	 120 B	I	0	8	2	0	2	0
25	 121 B	L	0	8	3	0	3	0
25	 122 B	A	0	5	3	0	2	2
25	 123 B	K	0	9	7	0	0	7
27	 128 B	A	0	5	2	0	1	2
27	 129 B	T	0	7	4	0	0	4
27	 130 B	K	0	9	5	0	2	3
27	 131 B	G	0	4	1	0	1	0
27	 132 B	I	0	8	2	0	0	2
27	 133 B	I	0	8	3	0	0	3
27	 134 B	F	0	11	7	0	7	0
27	 135 B	A	0	5	4	0	4	0
27	 136 B	A	0	5	3	3	0	3
27	 137 B	M	1	8	4	4	1	4
27	 138 B	V	1	7	3	0	3	0
27	 139 B	E	1	9	5	5	4	3
27	 140 B	T	1	7	5	5	0	1
27	 141 B	Y	1	12	7	1	6	1
27	 142 B	A	1	5	1	0	1	0
27	 143 B	I	1	8	4	4	1	0
27	 144 B	L	1	8	4	1	4	0
27	 145 B	G	1	4	2	0	2	0
27	 146 B	F	1	11	8	3	6	0
27	 147 B	V	1	7	3	3	2	0
27	 148 B	I	1	8	4	0	4	0
27	 149 B	S	1	6	2	0	2	0
27	 150 B	F	1	11	9	7	5	0
27	 151 B	L	1	8	4	3	3	0
27	 152 B	L	1	8	5	0	5	0
27	 153 B	V	1	7	5	0	5	1
27	 154 B	L	0	8	7	6	0	5
27	 155 B	N	0	8	7	2	1	7
32	  12 C	M	0	8	3	0	1	3
32	  13 C	V	0	7	5	3	2	4
32	  14 C	F	0	11	7	2	6	3
32	  15 C	A	0	5	1	0	1	0
32	  16 C	V	1	7	3	1	3	1
32	  17 C	L	1	8	4	4	4	2
32	  18 C	A	1	5	4	0	4	0
32	  19 C	M	1	8	4	0	4	0
32	  20 C	A	1	5	2	1	2	0
32	  21 C	T	1	7	5	4	3	0
32	  22 C	A	1	5	1	0	1	0
32	  23 C	T	1	7	3	0	3	0
32	  24 C	I	1	8	3	2	3	0
32	  25 C	F	1	11	8	4	8	0
32	  26 C	S	1	6	2	0	2	0
32	  27 C	G	1	4	0	0	0	0
32	  28 C	I	1	8	4	2	4	0
32	  29 C	G	1	4	0	0	0	0
32	  30 C	S	1	6	2	0	2	0
32	  31 C	A	1	5	2	0	2	0
32	  32 C	K	1	9	8	8	2	2
32	  33 C	G	1	4	1	1	0	1
32	  34 C	V	0	7	3	2	3	2
32	  35 C	G	0	4	3	1	2	2
32	  36 C	M	0	8	6	3	3	6
32	  37 C	T	0	7	3	0	3	0
32	  38 C	G	0	4	0	0	0	0
32	  39 C	E	0	9	7	0	3	7
32	  40 C	A	0	5	3	0	1	3
32	  41 C	A	0	5	2	0	2	0
32	  42 C	A	0	5	4	0	3	2
32	  43 C	A	0	5	4	0	0	4
32	  44 C	L	0	8	6	0	4	4
32	  45 C	T	0	7	3	0	3	0
36	  64 C	T	1	7	3	2	2	1
36	  65 C	Q	1	9	5	0	5	0
36	  66 C	G	1	4	2	0	2	0
36	  67 C	L	1	8	4	4	1	0
36	  68 C	Y	1	12	8	3	6	0
36	  69 C	G	1	4	2	0	2	0
36	  70 C	F	1	11	7	3	6	0
36	  71 C	V	1	7	4	4	2	0
36	  72 C	I	1	8	4	0	4	0
36	  73 C	A	1	5	3	0	3	0
36	  74 C	F	1	11	6	6	1	0
36	  75 C	L	1	8	4	2	3	1
36	  76 C	I	1	8	4	0	4	0
36	  77 C	F	1	11	8	4	7	4
36	  78 C	I	0	8	7	6	0	7
38	  86 C	V	0	7	4	0	1	3
38	  87 C	V	0	7	3	0	0	3
38	  88 C	Q	0	9	5	0	0	5
38	  89 C	G	0	4	3	0	3	0
38	  90 C	L	0	8	5	3	3	5
38	  91 C	N	0	8	3	0	3	1
38	  92 C	F	0	11	7	0	6	1
38	  93 C	L	1	8	6	4	4	3
38	  94 C	G	1	4	3	2	2	1
38	  95 C	A	1	5	3	0	3	0
38	  96 C	S	1	6	2	0	2	0
38	  97 C	L	1	8	6	3	5	0
38	  98 C	P	1	7	4	0	4	0
38	  99 C	I	1	8	5	0	5	0
38	 100 C	A	1	5	4	0	4	0
38	 101 C	F	1	11	7	7	3	0
38	 102 C	T	1	7	2	0	2	0
38	 103 C	G	1	4	2	0	2	0
38	 104 C	L	1	8	4	3	2	0
38	 105 C	F	1	11	8	6	5	0
38	 106 C	S	1	6	3	0	3	0
38	 107 C	G	1	4	1	0	1	0
38	 108 C	I	1	8	6	5	2	2
38	 109 C	A	1	5	3	3	1	3
38	 110 C	Q	1	9	5	1	5	0
38	 111 C	G	0	4	1	1	0	1
38	 112 C	K	0	9	7	4	2	7
38	 113 C	V	0	7	3	0	3	0
38	 114 C	A	0	5	1	0	1	0
38	 115 C	A	0	5	3	0	1	3
38	 116 C	A	0	5	4	0	1	4
38	 117 C	G	0	4	0	0	0	0
38	 118 C	I	0	8	4	0	4	1
38	 119 C	Q	0	9	5	0	0	5
38	 120 C	I	0	8	2	0	2	0
38	 121 C	L	0	8	3	0	3	0
38	 122 C	A	0	5	3	0	2	2
38	 123 C	K	0	9	7	0	0	7
40	 128 C	A	0	5	2	0	1	2
40	 129 C	T	0	7	4	0	0	4
40	 130 C	K	0	9	5	0	2	3
40	 131 C	G	0	4	1	0	1	0
40	 132 C	I	0	8	2	0	0	2
40	 133 C	I	0	8	3	0	0	3
40	 134 C	F	0	11	7	0	7	0
40	 135 C	A	0	5	4	0	4	0
40	 136 C	A	0	5	3	3	0	3
40	 137 C	M	1	8	4	4	1	4
40	 138 C	V	1	7	3	0	3	0
40	 139 C	E	1	9	5	5	4	3
40	 140 C	T	1	7	5	5	0	1
40	 141 C	Y	1	12	7	1	6	0
40	 142 C	A	1	5	1	0	1	0
40	 143 C	I	1	8	4	4	1	0
40	 144 C	L	1	8	4	1	4	0
40	 145 C	G	1	4	2	0	2	0
40	 146 C	F	1	11	8	3	6	0
40	 147 C	V	1	7	3	3	2	0
40	 148 C	I	1	8	4	0	4	0
40	 149 C	S	1	6	2	0	2	0
40	 150 C	F	1	11	9	7	5	0
40	 151 C	L	1	8	4	3	1	0
40	 152 C	L	1	8	5	0	5	0
40	 153 C	V	1	7	5	0	5	1
40	 154 C	L	0	8	7	6	0	5
40	 155 C	N	0	8	7	2	1	7
45	  12 D	M	0	8	3	0	1	3
45	  13 D	V	0	7	5	3	2	4
45	  14 D	F	0	11	7	2	6	3
45	  15 D	A	0	5	1	0	1	0
45	  16 D	V	1	7	3	1	3	1
45	  17 D	L	1	8	4	4	4	2
45	  18 D	A	1	5	4	0	4	0
45	  19 D	M	1	8	4	0	4	0
45	  20 D	A	1	5	2	1	2	0
45	  21 D	T	1	7	4	3	3	0
45	  22 D	A	1	5	1	0	1	0
45	  23 D	T	1	7	3	0	3	0
45	  24 D	I	1	8	3	2	3	0
45	  25 D	F	1	11	8	4	8	0
45	  26 D	S	1	6	2	0	2	0
45	  27 D	G	1	4	0	0	0	0
45	  28 D	I	1	8	4	2	4	0
45	  29 D	G	1	4	0	0	0	0
45	  30 D	S	1	6	2	0	2	0
45	  31 D	A	1	5	2	0	2	0
45	  32 D	K	1	9	8	8	3	3
45	  33 D	G	1	4	1	1	0	1
45	  34 D	V	0	7	3	2	3	2
45	  35 D	G	0	4	3	1	3	2
45	  36 D	M	0	8	6	3	3	6
45	  37 D	T	0	7	3	0	3	0
45	  38 D	G	0	4	0	0	0	0
45	  39 D	E	0	9	7	0	3	7
45	  40 D	A	0	5	3	0	1	3
45	  41 D	A	0	5	2	0	2	0
45	  42 D	A	0	5	3	0	3	1
45	  43 D	A	0	5	4	0	0	4
45	  44 D	L	0	8	6	0	4	4
45	  45 D	T	0	7	3	0	3	0
49	  64 D	T	1	7	3	2	2	1
49	  65 D	Q	1	9	5	0	5	0
49	  66 D	G	1	4	2	0	2	0
49	  67 D	L	1	8	4	4	1	0
49	  68 D	Y	1	12	8	3	6	0
49	  69 D	G	1	4	2	0	2	0
49	  70 D	F	1	11	7	3	6	0
49	  71 D	V	1	7	4	4	2	0
49	  72 D	I	1	8	4	0	4	0
49	  73 D	A	1	5	2	0	2	0
49	  74 D	F	1	11	6	6	0	0
49	  75 D	L	1	8	4	2	3	1
49	  76 D	I	1	8	4	0	4	0
49	  77 D	F	1	11	8	5	5	5
49	  78 D	I	0	8	7	6	0	7
51	  86 D	V	0	7	4	0	1	3
51	  87 D	V	0	7	3	0	0	3
51	  88 D	Q	0	9	5	0	0	5
51	  89 D	G	0	4	3	0	3	0
51	  90 D	L	0	8	5	3	3	5
51	  91 D	N	0	8	3	0	3	1
51	  92 D	F	0	11	7	0	6	1
51	  93 D	L	1	8	6	4	4	2
51	  94 D	G	1	4	3	2	2	1
51	  95 D	A	1	5	3	0	3	0
51	  96 D	S	1	6	2	0	2	0
51	  97 D	L	1	8	5	2	5	0
51	  98 D	P	1	7	4	0	4	0
51	  99 D	I	1	8	5	0	5	0
51	 100 D	A	1	5	4	0	4	0
51	 101 D	F	1	11	7	7	3	0
51	 102 D	T	1	7	2	0	2	0
51	 103 D	G	1	4	2	0	2	0
51	 104 D	L	1	8	4	3	2	0
51	 105 D	F	1	11	8	5	5	0
51	 106 D	S	1	6	4	0	4	0
51	 107 D	G	1	4	1	0	1	0
51	 108 D	I	1	8	6	5	2	2
51	 109 D	A	1	5	2	2	1	2
51	 110 D	Q	1	9	2	1	2	1
51	 111 D	G	0	4	0	0	0	0
51	 112 D	K	0	9	7	3	2	7
51	 113 D	V	0	7	1	0	1	0
51	 114 D	A	0	5	1	0	1	0
51	 115 D	A	0	5	3	0	1	3
51	 116 D	A	0	5	4	0	1	4
51	 117 D	G	0	4	0	0	0	0
51	 118 D	I	0	8	4	0	4	1
51	 119 D	Q	0	9	5	0	0	5
51	 120 D	I	0	8	2	0	2	0
51	 121 D	L	0	8	2	0	2	0
51	 122 D	A	0	5	3	0	2	2
51	 123 D	K	0	9	7	0	0	7
55	 139 D	E	1	9	5	5	4	3
55	 140 D	T	1	7	5	5	0	1
55	 141 D	Y	1	12	7	1	6	1
55	 142 D	A	1	5	1	0	1	0
55	 143 D	I	1	8	4	4	1	0
55	 144 D	L	1	8	4	1	4	0
55	 145 D	G	1	4	2	0	2	0
55	 146 D	F	1	11	8	3	6	0
55	 147 D	V	1	7	3	3	2	0
55	 148 D	I	1	8	4	0	4	0
55	 149 D	S	1	6	2	0	2	0
55	 150 D	F	1	11	9	7	5	0
55	 151 D	L	1	8	4	3	1	0
55	 152 D	L	1	8	5	0	5	0
55	 153 D	V	1	7	5	0	5	1
55	 154 D	L	0	8	7	7	0	5
55	 155 D	N	0	8	7	2	1	7
60	  12 E	M	0	8	3	0	1	3
60	  13 E	V	0	7	5	3	2	4
60	  14 E	F	0	11	7	2	6	3
60	  15 E	A	0	5	1	0	1	0
60	  16 E	V	1	7	3	1	3	1
60	  17 E	L	1	8	4	4	4	2
60	  18 E	A	1	5	4	0	4	0
60	  19 E	M	1	8	4	0	4	0
60	  20 E	A	1	5	2	1	2	0
60	  21 E	T	1	7	4	3	3	0
60	  22 E	A	1	5	1	0	1	0
60	  23 E	T	1	7	3	0	3	0
60	  24 E	I	1	8	3	2	3	0
60	  25 E	F	1	11	8	4	8	0
60	  26 E	S	1	6	2	0	2	0
60	  27 E	G	1	4	0	0	0	0
60	  28 E	I	1	8	4	2	4	0
60	  29 E	G	1	4	0	0	0	0
60	  30 E	S	1	6	2	0	2	0
60	  31 E	A	1	5	2	0	2	0
60	  32 E	K	1	9	8	8	3	4
60	  33 E	G	1	4	1	1	0	1
60	  34 E	V	0	7	2	2	1	2
60	  35 E	G	0	4	3	1	2	2
60	  36 E	M	0	8	6	4	3	6
60	  37 E	T	0	7	3	0	3	0
60	  38 E	G	0	4	0	0	0	0
60	  39 E	E	0	9	7	0	3	7
60	  40 E	A	0	5	3	0	1	3
60	  41 E	A	0	5	1	0	1	0
60	  42 E	A	0	5	3	0	3	1
60	  43 E	A	0	5	4	0	0	4
60	  44 E	L	0	8	5	0	3	4
60	  45 E	T	0	7	2	0	2	0
64	  64 E	T	1	7	3	2	2	1
64	  65 E	Q	1	9	5	0	5	0
64	  66 E	G	1	4	2	0	2	0
64	  67 E	L	1	8	4	4	1	0
64	  68 E	Y	1	12	8	3	6	0
64	  69 E	G	1	4	2	0	2	0
64	  70 E	F	1	11	7	3	6	0
64	  71 E	V	1	7	4	4	2	0
64	  72 E	I	1	8	4	0	4	0
64	  73 E	A	1	5	2	0	2	0
64	  74 E	F	1	11	6	6	0	0
64	  75 E	L	1	8	4	2	3	1
64	  76 E	I	1	8	4	0	4	0
64	  77 E	F	1	11	8	5	5	5
64	  78 E	I	0	8	7	6	0	7
66	  86 E	V	0	7	4	0	1	3
66	  87 E	V	0	7	3	0	0	3
66	  88 E	Q	0	9	5	0	0	5
66	  89 E	G	0	4	3	0	3	0
66	  90 E	L	0	8	5	2	3	5
66	  91 E	N	0	8	3	0	3	1
66	  92 E	F	0	11	7	0	6	1
66	  93 E	L	1	8	5	3	4	2
66	  94 E	G	1	4	3	2	2	2
66	  95 E	A	1	5	3	0	3	0
66	  96 E	S	1	6	2	0	2	0
66	  97 E	L	1	8	5	2	5	0
66	  98 E	P	1	7	4	0	4	0
66	  99 E	I	1	8	5	0	5	0
66	 100 E	A	1	5	4	0	4	0
66	 101 E	F	1	11	7	7	3	0
66	 102 E	T	1	7	2	0	2	0
66	 103 E	G	1	4	2	0	2	0
66	 104 E	L	1	8	4	3	2	0
66	 105 E	F	1	11	8	6	4	0
66	 106 E	S	1	6	3	0	3	0
66	 107 E	G	1	4	1	0	1	0
66	 108 E	I	1	8	6	5	2	2
66	 109 E	A	1	5	3	3	1	3
66	 110 E	Q	1	9	5	1	5	1
66	 111 E	G	0	4	1	1	0	1
66	 112 E	K	0	9	7	3	2	7
66	 113 E	V	0	7	3	0	3	0
66	 114 E	A	0	5	1	0	1	0
66	 115 E	A	0	5	3	0	1	3
66	 116 E	A	0	5	4	0	1	4
66	 117 E	G	0	4	0	0	0	0
66	 118 E	I	0	8	4	0	4	1
66	 119 E	Q	0	9	5	0	0	5
66	 120 E	I	0	8	2	0	2	0
66	 121 E	L	0	8	3	0	3	0
66	 122 E	A	0	5	3	0	2	2
66	 123 E	K	0	9	7	0	0	7
68	 128 E	A	0	5	2	0	1	2
68	 129 E	T	0	7	4	0	0	4
68	 130 E	K	0	9	5	0	2	3
68	 131 E	G	0	4	1	0	1	0
68	 132 E	I	0	8	2	0	0	2
68	 133 E	I	0	8	3	0	0	3
68	 134 E	F	0	11	7	0	7	0
68	 135 E	A	0	5	4	0	4	0
68	 136 E	A	0	5	3	3	0	3
68	 137 E	M	1	8	4	4	1	4
68	 138 E	V	1	7	3	0	3	0
68	 139 E	E	1	9	5	5	4	3
68	 140 E	T	1	7	5	5	0	1
68	 141 E	Y	1	12	7	1	6	1
68	 142 E	A	1	5	1	0	1	0
68	 143 E	I	1	8	4	4	1	0
68	 144 E	L	1	8	4	1	4	0
68	 145 E	G	1	4	2	0	2	0
68	 146 E	F	1	11	7	3	5	0
68	 147 E	V	1	7	3	3	2	0
68	 148 E	I	1	8	4	0	4	0
68	 149 E	S	1	6	2	0	2	0
68	 150 E	F	1	11	9	7	5	0
68	 151 E	L	1	8	4	3	3	0
68	 152 E	L	1	8	5	0	5	0
68	 153 E	V	1	7	5	0	5	1
68	 154 E	L	0	8	7	6	0	5
68	 155 E	N	0	8	7	3	1	7
73	  12 F	M	0	8	3	0	1	3
73	  13 F	V	0	7	5	3	2	4
73	  14 F	F	0	11	7	2	6	3
73	  15 F	A	0	5	1	0	1	0
73	  16 F	V	1	7	3	1	3	1
73	  17 F	L	1	8	4	4	4	2
73	  18 F	A	1	5	4	0	4	0
73	  19 F	M	1	8	4	0	4	0
73	  20 F	A	1	5	2	1	2	0
73	  21 F	T	1	7	5	4	3	0
73	  22 F	A	1	5	1	0	1	0
73	  23 F	T	1	7	3	0	3	0
73	  24 F	I	1	8	3	2	3	0
73	  25 F	F	1	11	8	4	8	0
73	  26 F	S	1	6	2	0	2	0
73	  27 F	G	1	4	0	0	0	0
73	  28 F	I	1	8	4	2	4	0
73	  29 F	G	1	4	0	0	0	0
73	  30 F	S	1	6	2	0	2	0
73	  31 F	A	1	5	2	0	2	0
73	  32 F	K	1	9	8	8	2	5
73	  33 F	G	1	4	1	1	0	1
73	  34 F	V	0	7	3	2	3	2
73	  35 F	G	0	4	3	1	2	2
73	  36 F	M	0	8	6	3	3	6
73	  37 F	T	0	7	3	0	3	0
73	  38 F	G	0	4	0	0	0	0
73	  39 F	E	0	9	7	0	3	7
73	  40 F	A	0	5	3	0	1	3
73	  41 F	A	0	5	2	0	2	0
73	  42 F	A	0	5	4	0	3	2
73	  43 F	A	0	5	4	0	0	4
73	  44 F	L	0	8	6	0	4	4
73	  45 F	T	0	7	3	0	3	0
77	  64 F	T	1	7	3	2	2	1
77	  65 F	Q	1	9	5	0	5	0
77	  66 F	G	1	4	2	0	2	0
77	  67 F	L	1	8	4	4	1	0
77	  68 F	Y	1	12	7	3	5	0
77	  69 F	G	1	4	2	0	2	0
77	  70 F	F	1	11	7	3	6	0
77	  71 F	V	1	7	4	4	2	0
77	  72 F	I	1	8	4	0	4	0
77	  73 F	A	1	5	3	0	3	0
77	  74 F	F	1	11	6	6	2	0
77	  75 F	L	1	8	4	2	3	1
77	  76 F	I	1	8	4	0	4	0
77	  77 F	F	1	11	9	5	7	5
77	  78 F	I	0	8	7	6	0	7
79	  86 F	V	0	7	4	0	1	3
79	  87 F	V	0	7	3	0	0	3
79	  88 F	Q	0	9	5	0	0	5
79	  89 F	G	0	4	3	0	3	0
79	  90 F	L	0	8	5	3	3	5
79	  91 F	N	0	8	3	0	3	1
79	  92 F	F	0	11	7	0	6	1
79	  93 F	L	1	8	6	4	4	3
79	  94 F	G	1	4	3	2	2	2
79	  95 F	A	1	5	3	0	3	0
79	  96 F	S	1	6	2	0	2	0
79	  97 F	L	1	8	6	3	5	0
79	  98 F	P	1	7	4	0	4	0
79	  99 F	I	1	8	5	0	5	0
79	 100 F	A	1	5	4	0	4	0
79	 101 F	F	1	11	7	7	3	0
79	 102 F	T	1	7	2	0	2	0
79	 103 F	G	1	4	2	0	2	0
79	 104 F	L	1	8	4	3	2	0
79	 105 F	F	1	11	8	5	4	0
79	 106 F	S	1	6	3	0	3	0
79	 107 F	G	1	4	1	0	1	0
79	 108 F	I	1	8	6	5	2	2
79	 109 F	A	1	5	2	1	1	2
79	 110 F	Q	1	9	2	1	2	1
79	 111 F	G	0	4	1	1	0	1
79	 112 F	K	0	9	7	3	2	7
79	 113 F	V	0	7	1	0	1	0
79	 114 F	A	0	5	1	0	1	0
79	 115 F	A	0	5	3	0	1	3
79	 116 F	A	0	5	4	0	1	4
79	 117 F	G	0	4	0	0	0	0
79	 118 F	I	0	8	4	0	4	1
79	 119 F	Q	0	9	5	0	0	5
79	 120 F	I	0	8	2	0	2	0
79	 121 F	L	0	8	2	0	2	0
79	 122 F	A	0	5	3	0	2	2
79	 123 F	K	0	9	7	0	0	7
83	 139 F	E	1	9	5	5	4	2
83	 140 F	T	1	7	4	4	0	0
83	 141 F	Y	1	12	7	1	6	0
83	 142 F	A	1	5	1	0	1	0
83	 143 F	I	1	8	4	4	1	0
83	 144 F	L	1	8	4	2	4	0
83	 145 F	G	1	4	2	0	2	0
83	 146 F	F	1	11	6	3	4	0
83	 147 F	V	1	7	3	3	2	0
83	 148 F	I	1	8	4	0	4	0
83	 149 F	S	1	6	2	0	2	0
83	 150 F	F	1	11	9	7	5	0
83	 151 F	L	1	8	4	3	2	0
83	 152 F	L	1	8	5	0	5	0
83	 153 F	V	1	7	5	0	5	1
83	 154 F	L	0	8	7	7	0	5
83	 155 F	N	0	8	7	2	1	7
88	  12 G	M	0	8	3	0	1	3
88	  13 G	V	0	7	5	3	2	4
88	  14 G	F	0	11	7	2	6	3
88	  15 G	A	0	5	1	0	1	0
88	  16 G	V	1	7	3	1	3	1
88	  17 G	L	1	8	4	4	3	2
88	  18 G	A	1	5	4	0	4	0
88	  19 G	M	1	8	4	0	4	0
88	  20 G	A	1	5	2	1	2	0
88	  21 G	T	1	7	4	3	3	0
88	  22 G	A	1	5	1	0	1	0
88	  23 G	T	1	7	3	0	3	0
88	  24 G	I	1	8	3	2	3	0
88	  25 G	F	1	11	8	4	8	0
88	  26 G	S	1	6	2	0	2	0
88	  27 G	G	1	4	0	0	0	0
88	  28 G	I	1	8	4	2	4	0
88	  29 G	G	1	4	0	0	0	0
88	  30 G	S	1	6	2	0	2	0
88	  31 G	A	1	5	2	0	2	0
88	  32 G	K	1	9	8	8	2	4
88	  33 G	G	1	4	1	1	0	1
88	  34 G	V	0	7	3	2	2	0
88	  35 G	G	0	4	3	1	3	2
88	  36 G	M	0	8	6	4	3	6
88	  37 G	T	0	7	3	0	3	0
88	  38 G	G	0	4	0	0	0	0
88	  39 G	E	0	9	7	0	3	7
88	  40 G	A	0	5	3	0	1	3
88	  41 G	A	0	5	1	0	1	0
88	  42 G	A	0	5	3	0	3	1
88	  43 G	A	0	5	5	0	0	5
88	  44 G	L	0	8	6	0	4	4
88	  45 G	T	0	7	2	0	2	0
92	  64 G	T	1	7	3	2	2	1
92	  65 G	Q	1	9	5	0	5	0
92	  66 G	G	1	4	2	0	2	0
92	  67 G	L	1	8	4	4	1	0
92	  68 G	Y	1	12	8	3	6	0
92	  69 G	G	1	4	2	0	2	0
92	  70 G	F	1	11	7	3	6	0
92	  71 G	V	1	7	4	4	2	0
92	  72 G	I	1	8	4	0	4	0
92	  73 G	A	1	5	2	0	2	0
92	  74 G	F	1	11	6	6	1	0
92	  75 G	L	1	8	4	2	3	1
92	  76 G	I	1	8	4	0	4	0
92	  77 G	F	1	11	9	5	6	5
92	  78 G	I	0	8	7	5	0	7
94	  86 G	V	0	7	4	0	1	3
94	  87 G	V	0	7	3	0	0	3
94	  88 G	Q	0	9	5	0	0	5
94	  89 G	G	0	4	3	0	3	0
94	  90 G	L	0	8	5	3	3	5
94	  91 G	N	0	8	3	0	3	1
94	  92 G	F	0	11	7	0	6	1
94	  93 G	L	1	8	6	4	4	3
94	  94 G	G	1	4	3	2	2	2
94	  95 G	A	1	5	3	0	3	0
94	  96 G	S	1	6	2	0	2	0
94	  97 G	L	1	8	5	2	5	0
94	  98 G	P	1	7	4	0	4	0
94	  99 G	I	1	8	5	0	5	0
94	 100 G	A	1	5	4	0	4	0
94	 101 G	F	1	11	7	7	3	0
94	 102 G	T	1	7	2	0	2	0
94	 103 G	G	1	4	2	0	2	0
94	 104 G	L	1	8	4	3	2	0
94	 105 G	F	1	11	8	5	5	0
94	 106 G	S	1	6	4	0	4	0
94	 107 G	G	1	4	1	0	1	0
94	 108 G	I	1	8	6	6	2	2
94	 109 G	A	1	5	3	3	1	3
94	 110 G	Q	1	9	2	1	2	1
94	 111 G	G	0	4	0	0	0	0
94	 112 G	K	0	9	7	3	2	7
94	 113 G	V	0	7	1	0	1	0
94	 114 G	A	0	5	1	0	1	0
94	 115 G	A	0	5	3	0	1	3
94	 116 G	A	0	5	4	0	1	4
94	 117 G	G	0	4	0	0	0	0
94	 118 G	I	0	8	4	0	4	1
94	 119 G	Q	0	9	5	0	0	5
94	 120 G	I	0	8	2	0	2	0
94	 121 G	L	0	8	2	0	2	0
94	 122 G	A	0	5	3	0	2	2
94	 123 G	K	0	9	7	0	0	7
98	 139 G	E	1	9	5	5	4	3
98	 140 G	T	1	7	5	5	0	1
98	 141 G	Y	1	12	7	1	6	0
98	 142 G	A	1	5	1	0	1	0
98	 143 G	I	1	8	4	4	1	0
98	 144 G	L	1	8	4	1	4	0
98	 145 G	G	1	4	2	0	2	0
98	 146 G	F	1	11	8	3	6	0
98	 147 G	V	1	7	3	3	2	0
98	 148 G	I	1	8	4	0	4	0
98	 149 G	S	1	6	2	0	2	0
98	 150 G	F	1	11	9	7	5	0
98	 151 G	L	1	8	4	3	2	0
98	 152 G	L	1	8	5	0	5	0
98	 153 G	V	1	7	5	0	5	1
98	 154 G	L	0	8	7	5	0	5
98	 155 G	N	0	8	7	2	1	7
103	  12 H	M	0	8	3	0	1	3
103	  13 H	V	0	7	5	3	2	4
103	  14 H	F	0	11	7	2	6	3
103	  15 H	A	0	5	1	0	1	0
103	  16 H	V	0	7	3	1	3	1
103	  17 H	L	1	8	4	4	3	2
103	  18 H	A	1	5	4	0	4	0
103	  19 H	M	1	8	4	0	4	0
103	  20 H	A	1	5	2	1	2	0
103	  21 H	T	1	7	4	3	3	0
103	  22 H	A	1	5	1	0	1	0
103	  23 H	T	1	7	3	0	3	0
103	  24 H	I	1	8	3	2	3	0
103	  25 H	F	1	11	8	4	8	0
103	  26 H	S	1	6	2	0	2	0
103	  27 H	G	1	4	0	0	0	0
103	  28 H	I	1	8	4	2	4	0
103	  29 H	G	1	4	0	0	0	0
103	  30 H	S	1	6	2	0	2	0
103	  31 H	A	1	5	2	0	2	0
103	  32 H	K	1	9	8	8	3	4
103	  33 H	G	1	4	1	1	0	1
103	  34 H	V	1	7	3	2	2	1
103	  35 H	G	0	4	3	1	3	2
103	  36 H	M	0	8	6	4	3	6
103	  37 H	T	0	7	3	0	3	0
103	  38 H	G	0	4	0	0	0	0
103	  39 H	E	0	9	7	0	3	7
103	  40 H	A	0	5	3	0	1	3
103	  41 H	A	0	5	1	0	1	0
103	  42 H	A	0	5	3	0	3	1
103	  43 H	A	0	5	4	0	0	4
103	  44 H	L	0	8	6	0	4	4
103	  45 H	T	0	7	2	0	2	0
107	  64 H	T	1	7	3	2	2	1
107	  65 H	Q	1	9	5	0	5	0
107	  66 H	G	1	4	2	0	2	0
107	  67 H	L	1	8	4	4	1	0
107	  68 H	Y	1	12	7	3	5	0
107	  69 H	G	1	4	2	0	2	0
107	  70 H	F	1	11	7	3	6	0
107	  71 H	V	1	7	4	4	2	0
107	  72 H	I	1	8	4	0	4	0
107	  73 H	A	1	5	2	0	2	0
107	  74 H	F	1	11	6	6	1	0
107	  75 H	L	1	8	4	2	3	1
107	  76 H	I	1	8	4	0	4	0
107	  77 H	F	1	11	9	5	6	5
109	  86 H	V	0	7	4	0	1	4
109	  87 H	V	0	7	4	0	0	4
109	  88 H	Q	0	9	5	0	0	5
109	  89 H	G	0	4	3	0	3	0
109	  90 H	L	0	8	6	3	2	6
109	  91 H	N	0	8	6	2	0	6
109	  92 H	F	0	11	7	0	6	1
109	  93 H	L	1	8	5	3	4	2
109	  94 H	G	1	4	4	4	0	2
109	  95 H	A	1	5	4	1	3	1
109	  96 H	S	1	6	2	0	2	0
109	  97 H	L	1	8	5	5	1	0
109	  98 H	P	1	7	4	4	3	0
109	  99 H	I	1	8	5	0	5	0
109	 100 H	A	1	5	4	0	4	0
109	 101 H	F	1	11	9	9	2	0
109	 102 H	T	1	7	4	3	2	0
109	 103 H	G	1	4	2	0	2	0
109	 104 H	L	1	8	4	3	2	0
109	 105 H	F	1	11	9	9	0	0
109	 106 H	S	1	6	4	2	3	0
109	 107 H	G	1	4	0	0	0	0
109	 108 H	I	1	8	6	5	2	2
109	 109 H	A	1	5	2	2	0	2
109	 110 H	Q	1	9	2	1	2	1
109	 111 H	G	0	4	1	1	0	1
109	 112 H	K	0	9	8	4	1	8
109	 113 H	V	0	7	5	1	0	5
109	 114 H	A	0	5	1	0	1	0
109	 115 H	A	0	5	3	0	1	3
109	 116 H	A	0	5	5	0	0	5
109	 117 H	G	0	4	2	0	0	2
109	 118 H	I	0	8	4	0	4	1
109	 119 H	Q	0	9	7	0	0	7
109	 120 H	I	0	8	5	0	0	5
109	 121 H	L	0	8	2	0	2	0
109	 122 H	A	0	5	3	0	2	2
109	 123 H	K	0	9	7	0	0	7
113	 139 H	E	1	9	5	5	4	3
113	 140 H	T	1	7	5	5	0	1
113	 141 H	Y	1	12	9	9	1	1
113	 142 H	A	1	5	1	0	1	0
113	 143 H	I	1	8	4	4	1	0
113	 144 H	L	1	8	5	5	0	0
113	 145 H	G	1	4	3	2	2	0
113	 146 H	F	1	11	8	3	6	0
113	 147 H	V	1	7	3	3	0	0
113	 148 H	I	1	8	4	4	2	0
113	 149 H	S	1	6	2	0	2	0
113	 150 H	F	1	11	9	7	5	0
113	 151 H	L	1	8	6	6	0	2
113	 152 H	L	1	8	6	5	2	4
113	 153 H	V	1	7	5	0	5	1
113	 154 H	L	0	8	7	6	0	5
113	 155 H	N	0	8	7	2	0	7
118	  12 J	M	0	8	3	0	0	3
118	  13 J	V	0	7	4	2	0	4
118	  14 J	F	0	11	7	2	6	3
118	  15 J	A	0	5	1	0	1	0
118	  16 J	V	0	7	4	4	0	3
118	  17 J	L	1	8	5	5	3	2
118	  18 J	A	1	5	4	0	4	0
118	  19 J	M	1	8	5	4	4	2
118	  20 J	A	1	5	3	3	0	0
118	  21 J	T	1	7	5	4	3	0
118	  22 J	A	1	5	1	0	1	0
118	  23 J	T	1	7	4	4	1	0
118	  24 J	I	1	8	6	6	0	0
118	  25 J	F	1	11	8	4	8	0
118	  26 J	S	1	6	2	0	2	0
118	  27 J	G	1	4	3	3	0	0
118	  28 J	I	1	8	6	6	2	0
118	  29 J	G	1	4	0	0	0	0
118	  30 J	S	1	6	2	1	2	0
118	  31 J	A	1	5	5	5	0	1
118	  32 J	K	1	9	8	8	2	3
118	  33 J	G	1	4	1	1	0	1
118	  34 J	V	1	7	3	3	0	3
118	  35 J	G	0	4	4	1	0	4
118	  36 J	M	0	8	6	4	3	6
118	  37 J	T	0	7	3	0	3	0
118	  38 J	G	0	4	3	0	0	3
118	  39 J	E	0	9	9	0	0	9
118	  40 J	A	0	5	3	0	1	3
118	  41 J	A	0	5	2	0	1	2
118	  42 J	A	0	5	5	0	0	5
118	  43 J	A	0	5	5	0	0	5
118	  44 J	L	0	8	6	0	4	4
118	  45 J	T	0	7	5	0	0	5
122	  64 J	T	1	7	3	2	2	1
122	  65 J	Q	1	9	5	0	5	0
122	  66 J	G	1	4	4	3	2	0
122	  67 J	L	1	8	4	4	0	0
122	  68 J	Y	1	12	9	3	7	0
122	  69 J	G	1	4	2	0	2	0
122	  70 J	F	1	11	7	7	0	0
122	  71 J	V	1	7	4	4	2	0
122	  72 J	I	1	8	4	0	4	0
122	  73 J	A	1	5	2	1	2	0
122	  74 J	F	1	11	7	7	0	0
122	  75 J	L	1	8	4	2	3	1
122	  76 J	I	1	8	4	0	4	0
122	  77 J	F	1	11	8	8	3	4
124	  86 J	V	0	7	4	0	1	3
124	  87 J	V	0	7	3	0	1	3
124	  88 J	Q	0	9	5	0	0	5
124	  89 J	G	0	4	3	0	3	0
124	  90 J	L	0	8	5	3	3	5
124	  91 J	N	0	8	4	0	4	1
124	  92 J	F	0	11	9	0	9	2
124	  93 J	L	1	8	6	4	4	3
124	  94 J	G	1	4	3	2	2	2
124	  95 J	A	1	5	4	0	4	0
124	  96 J	S	1	6	2	0	2	0
124	  97 J	L	1	8	5	2	5	0
124	  98 J	P	1	7	4	0	4	0
124	  99 J	I	1	8	5	0	5	0
124	 100 J	A	1	5	4	0	4	0
124	 101 J	F	1	11	7	7	3	0
124	 102 J	T	1	7	2	0	2	0
124	 103 J	G	1	4	2	0	2	0
124	 104 J	L	1	8	4	3	2	0
124	 105 J	F	1	11	8	5	5	0
124	 106 J	S	1	6	4	0	4	0
124	 107 J	G	1	4	1	0	1	0
124	 108 J	I	1	8	6	5	2	2
124	 109 J	A	1	5	3	3	1	3
124	 110 J	Q	1	9	2	1	2	0
124	 111 J	G	0	4	1	1	0	1
124	 112 J	K	0	9	7	3	2	7
124	 113 J	V	0	7	1	0	1	0
124	 114 J	A	0	5	1	0	1	0
124	 115 J	A	0	5	3	0	1	3
124	 116 J	A	0	5	4	0	1	4
124	 117 J	G	0	4	0	0	0	0
124	 118 J	I	0	8	4	0	4	1
124	 119 J	Q	0	9	5	0	0	5
124	 120 J	I	0	8	2	0	2	0
124	 121 J	L	0	8	2	0	2	0
124	 122 J	A	0	5	3	0	2	2
124	 123 J	K	0	9	7	0	0	7
128	 139 J	E	1	9	5	5	4	2
128	 140 J	T	1	7	5	5	0	1
128	 141 J	Y	1	12	7	1	6	1
128	 142 J	A	1	5	1	0	1	0
128	 143 J	I	1	8	4	4	1	0
128	 144 J	L	1	8	4	1	4	0
128	 145 J	G	1	4	2	0	2	0
128	 146 J	F	1	11	7	3	5	0
128	 147 J	V	1	7	3	3	2	0
128	 148 J	I	1	8	4	0	4	0
128	 149 J	S	1	6	2	0	2	0
128	 150 J	F	1	11	9	7	5	0
128	 151 J	L	1	8	4	3	2	0
128	 152 J	L	1	8	5	0	5	0
128	 153 J	V	1	7	4	0	4	1
128	 154 J	L	0	8	7	7	0	5
128	 155 J	N	0	8	7	3	1	7
128	 156 J	A	0	6	5	0	2	3
