H-Nr	AAId	AA	I/A	ges	Kont	Memb	Hel	H2O
2	  10 A	L	0	8	7	3	0	7
2	  11 A	L	0	8	4	4	0	4
2	  12 A	M	0	8	6	2	5	5
2	  13 A	L	0	8	5	2	2	5
2	  14 A	V	1	7	4	3	3	1
2	  15 A	L	1	8	5	2	5	1
2	  16 A	L	1	8	6	0	6	3
2	  17 A	V	1	7	3	0	3	1
2	  18 A	A	1	5	1	1	1	0
2	  19 A	V	1	7	4	0	4	0
2	  20 A	G	1	4	2	0	2	0
2	  21 A	Q	1	9	5	0	5	0
2	  22 A	M	1	8	7	0	7	0
2	  23 A	A	1	5	1	0	1	0
2	  24 A	Q	1	9	3	0	3	0
2	  25 A	T	1	7	6	0	6	0
2	  26 A	I	1	8	5	0	5	0
2	  27 A	Y	1	12	4	0	4	0
2	  28 A	I	1	8	1	0	1	0
2	  29 A	P	1	7	3	0	3	0
2	  30 A	A	1	5	0	0	0	0
2	  31 A	I	1	8	4	0	4	0
2	  32 A	A	0	5	1	0	1	0
2	  33 A	D	0	8	3	0	0	3
2	  34 A	M	0	8	5	0	2	4
2	  35 A	A	0	5	1	0	1	0
4	  43 A	G	1	4	4	4	0	3
4	  44 A	A	1	5	3	3	0	3
4	  45 A	V	1	7	3	0	3	0
4	  46 A	Q	1	9	5	4	3	1
4	  47 A	S	1	6	4	4	0	0
4	  48 A	V	1	7	4	3	3	0
4	  49 A	M	1	8	3	0	3	0
4	  50 A	G	1	4	3	2	1	0
4	  51 A	A	1	5	3	3	0	0
4	  52 A	Y	1	12	0	0	0	0
4	  53 A	L	1	8	5	3	3	0
4	  54 A	L	1	8	7	7	0	0
4	  55 A	T	1	7	3	1	3	0
4	  56 A	Y	1	12	4	0	4	0
4	  57 A	G	1	4	2	2	1	1
4	  58 A	V	1	7	6	6	0	5
4	  59 A	S	1	6	3	2	2	2
4	  60 A	Q	0	9	5	0	4	2
8	  77 A	L	1	8	7	1	7	0
8	  78 A	V	1	7	4	4	0	0
8	  79 A	G	1	4	1	1	0	0
8	  80 A	M	1	8	4	2	3	0
8	  81 A	S	1	6	3	2	2	0
8	  82 A	I	1	8	6	6	0	0
8	  83 A	F	1	11	10	10	0	0
8	  84 A	M	1	8	7	1	6	0
8	  85 A	L	1	8	7	7	4	2
8	  86 A	A	1	5	3	3	0	2
8	  87 A	T	1	7	5	4	1	0
8	  88 A	L	0	8	5	2	5	4
8	  89 A	V	0	7	7	2	0	7
8	  90 A	A	0	5	4	1	3	2
8	  91 A	V	0	7	5	1	5	0
8	  92 A	T	0	7	5	0	0	5
8	  93 A	T	0	7	4	0	0	4
8	  94 A	S	0	6	5	2	4	2
8	  95 A	S	0	6	6	0	6	2
8	  96 A	L	0	8	6	1	2	6
10	  98 A	V	1	7	5	5	1	3
10	  99 A	L	1	8	5	3	5	3
10	 100 A	I	1	8	5	2	4	1
10	 101 A	A	1	5	4	4	0	0
10	 102 A	A	1	5	4	4	0	0
10	 103 A	S	1	6	3	1	2	0
10	 104 A	A	1	5	2	1	2	0
10	 105 A	M	1	8	4	3	2	0
10	 106 A	Q	1	9	4	4	1	0
10	 107 A	G	1	4	2	0	2	0
10	 108 A	M	1	8	7	0	7	0
10	 109 A	G	1	4	2	1	2	0
10	 110 A	T	1	7	3	0	3	0
10	 111 A	G	1	4	0	0	0	0
10	 112 A	V	1	7	3	3	3	1
10	 113 A	G	1	4	3	0	0	3
10	 114 A	G	1	4	0	0	0	0
10	 115 A	V	0	7	3	0	3	1
10	 116 A	M	0	8	6	0	0	6
10	 117 A	A	0	5	2	0	2	1
10	 118 A	R	0	11	2	0	2	0
10	 119 A	T	0	7	3	0	0	3
10	 120 A	L	0	8	6	0	0	6
10	 121 A	P	0	7	4	0	3	4
10	 122 A	R	0	11	6	0	2	6
10	 123 A	D	0	8	7	0	0	7
10	 124 A	L	0	8	5	0	0	5
10	 125 A	Y	0	12	5	0	0	5
10	 126 A	E	0	9	8	0	0	8
12	 133 A	A	0	5	2	0	2	1
12	 134 A	N	0	8	6	0	0	6
12	 135 A	S	0	6	3	0	2	2
12	 136 A	L	0	8	3	0	3	0
12	 137 A	L	1	8	5	3	1	5
12	 138 A	N	1	8	7	6	3	5
12	 139 A	M	1	8	5	0	5	0
12	 140 A	G	1	4	2	0	2	0
12	 141 A	I	1	8	5	4	4	2
12	 142 A	L	1	8	6	3	5	0
12	 143 A	V	1	7	5	0	5	0
12	 144 A	S	1	6	5	3	3	0
12	 145 A	P	1	7	5	5	0	0
12	 146 A	L	1	8	6	5	2	0
12	 147 A	L	1	8	4	0	4	0
12	 148 A	A	1	5	3	2	2	1
12	 149 A	P	1	7	6	6	0	3
12	 150 A	L	1	8	6	3	4	2
12	 151 A	I	1	8	5	0	3	2
12	 152 A	G	0	4	3	2	0	3
14	 158 A	M	0	8	4	0	3	4
14	 159 A	W	0	14	11	3	0	11
14	 160 A	N	1	8	6	5	1	5
14	 161 A	W	1	14	5	0	5	0
14	 162 A	R	1	11	8	6	4	3
14	 163 A	A	1	5	2	2	0	1
14	 164 A	C	1	6	5	4	3	0
14	 165 A	Y	1	12	11	0	11	0
14	 166 A	L	1	8	5	4	4	0
14	 167 A	F	1	11	8	8	0	0
14	 168 A	L	1	8	5	3	5	0
14	 169 A	L	1	8	6	1	6	0
14	 170 A	V	1	7	5	5	0	0
14	 171 A	L	1	8	6	4	4	0
14	 172 A	C	1	6	4	0	4	0
14	 173 A	A	1	5	3	3	1	1
14	 174 A	G	1	4	4	4	0	2
14	 175 A	V	1	7	4	3	1	1
14	 176 A	T	0	7	5	1	4	3
16	 202 A	T	0	7	5	0	0	5
16	 203 A	L	0	8	6	0	0	6
16	 204 A	F	0	11	8	0	0	8
16	 205 A	G	0	4	4	0	0	4
16	 206 A	N	0	8	5	0	0	5
16	 207 A	S	0	6	4	0	0	4
16	 208 A	G	0	4	4	0	2	3
16	 209 A	F	0	11	8	0	5	6
16	 210 A	N	0	8	6	0	1	6
16	 211 A	C	0	6	4	2	4	2
16	 212 A	Y	0	12	8	0	8	1
16	 213 A	L	0	8	7	0	7	0
16	 214 A	L	0	8	5	3	5	3
16	 215 A	M	1	8	7	6	5	2
16	 216 A	L	1	8	6	0	6	0
16	 217 A	I	1	8	3	0	3	0
16	 218 A	G	1	4	3	0	3	0
16	 219 A	G	1	4	4	3	3	0
16	 220 A	L	1	8	4	0	4	0
16	 221 A	A	1	5	1	0	1	0
16	 222 A	G	1	4	4	3	2	0
16	 223 A	I	1	8	3	1	3	0
16	 224 A	A	1	5	2	0	2	0
16	 225 A	A	1	5	3	1	3	0
16	 226 A	F	1	11	7	7	4	0
16	 227 A	E	1	9	6	0	6	0
16	 228 A	A	1	5	1	0	1	0
16	 229 A	C	1	6	3	3	2	2
18	 235 A	G	0	4	3	0	0	3
18	 236 A	A	0	5	3	1	0	3
18	 237 A	V	0	7	3	3	1	3
18	 238 A	L	1	8	5	0	5	0
18	 239 A	G	1	4	2	0	2	0
18	 240 A	L	1	8	4	4	0	3
18	 241 A	S	1	6	0	0	0	0
18	 242 A	S	1	6	3	0	3	0
18	 243 A	M	1	8	3	2	2	0
18	 244 A	T	1	7	3	3	0	0
18	 245 A	V	1	7	3	0	3	0
18	 246 A	S	1	6	3	0	3	0
18	 247 A	I	1	8	6	4	3	0
18	 248 A	L	1	8	4	3	3	0
18	 249 A	F	1	11	10	0	10	0
18	 250 A	I	1	8	3	2	2	2
18	 251 A	L	1	8	5	5	0	3
18	 252 A	P	1	7	2	1	2	1
18	 253 A	I	0	8	4	0	4	0
18	 254 A	P	0	7	5	1	1	4
18	 255 A	A	0	5	4	1	0	4
18	 256 A	A	0	5	2	1	1	1
18	 257 A	F	0	11	7	0	1	7
18	 258 A	F	0	11	9	0	0	9
18	 259 A	G	0	4	1	0	0	1
18	 260 A	A	0	5	3	0	1	3
18	 261 A	W	0	14	13	0	0	13
18	 262 A	F	0	11	8	1	4	8
18	 263 A	A	0	5	3	0	1	3
18	 264 A	G	0	4	4	0	0	4
20	 269 A	R	0	11	7	0	7	1
20	 270 A	F	0	11	6	2	3	6
20	 271 A	S	0	6	4	2	3	2
20	 272 A	T	1	7	5	0	5	0
20	 273 A	L	1	8	6	2	6	2
20	 274 A	M	1	8	5	5	0	4
20	 275 A	W	1	14	10	6	7	2
20	 276 A	Q	1	9	5	0	5	0
20	 277 A	S	1	6	4	4	1	2
20	 278 A	V	1	7	4	3	2	0
20	 279 A	I	1	8	4	0	4	0
20	 280 A	C	1	6	4	4	1	0
20	 281 A	C	1	6	6	6	0	0
20	 282 A	L	1	8	6	3	6	0
20	 283 A	L	1	8	4	3	2	0
22	 290 A	I	1	8	5	5	3	0
22	 291 A	P	1	7	3	2	3	0
22	 292 A	D	1	8	3	2	2	1
22	 293 A	W	1	14	7	7	3	4
22	 294 A	F	1	11	9	9	6	0
22	 295 A	G	1	4	2	0	2	0
22	 296 A	V	1	7	5	0	5	0
22	 297 A	M	1	8	5	3	4	0
22	 298 A	N	1	8	5	3	4	0
22	 299 A	V	1	7	3	0	3	0
22	 300 A	W	1	14	9	0	9	0
22	 301 A	T	1	7	4	3	4	1
22	 302 A	L	1	8	4	0	4	0
22	 303 A	L	1	8	1	0	1	0
22	 304 A	V	0	7	2	0	2	0
22	 305 A	P	0	7	3	1	3	1
22	 306 A	A	0	5	1	0	1	0
22	 307 A	A	0	5	0	0	0	0
22	 308 A	L	0	8	4	0	3	3
22	 309 A	F	0	11	8	0	5	7
22	 310 A	F	0	11	5	0	4	3
22	 311 A	F	0	11	6	0	3	6
22	 312 A	G	0	4	3	0	0	3
22	 313 A	A	0	5	5	0	0	5
22	 314 A	G	0	4	1	0	0	1
22	 315 A	M	0	8	4	0	2	4
24	 321 A	T	0	7	4	0	0	4
24	 322 A	S	0	6	2	0	0	2
24	 323 A	G	0	4	0	0	0	0
24	 324 A	A	0	5	1	0	0	1
24	 325 A	M	0	8	3	0	0	3
24	 326 A	E	0	9	4	0	1	4
24	 327 A	P	0	7	1	0	1	0
24	 328 A	F	0	11	5	0	4	2
24	 329 A	P	0	7	5	1	0	5
24	 330 A	F	0	11	9	2	5	7
24	 331 A	L	0	8	7	0	7	0
24	 332 A	A	1	5	3	3	1	1
24	 333 A	G	1	4	4	4	0	2
24	 334 A	T	1	7	5	4	3	3
24	 335 A	A	1	5	2	1	2	0
24	 336 A	G	1	4	4	4	0	0
24	 337 A	A	1	5	5	5	0	0
24	 338 A	L	1	8	5	4	3	0
24	 339 A	V	1	7	4	4	1	0
24	 340 A	G	1	4	4	4	0	0
24	 341 A	G	1	4	4	4	0	0
24	 342 A	L	1	8	5	4	2	0
24	 343 A	Q	1	9	8	8	0	2
24	 344 A	N	1	8	6	6	0	3
24	 345 A	I	1	8	7	7	0	4
24	 346 A	G	1	4	3	2	0	3
24	 347 A	S	0	6	6	3	0	6
24	 348 A	G	0	4	3	3	0	3
26	 356 A	M	1	8	5	5	0	0
26	 357 A	L	1	8	6	6	0	2
26	 358 A	P	1	7	6	5	3	0
26	 359 A	Q	1	9	7	7	3	0
26	 360 A	T	1	7	5	5	0	0
26	 361 A	G	1	4	3	3	0	0
26	 362 A	Q	1	9	7	2	6	0
26	 363 A	G	1	4	2	2	0	0
26	 364 A	S	1	6	5	5	0	0
26	 365 A	L	1	8	5	2	5	0
26	 366 A	G	1	4	1	0	1	0
26	 367 A	L	1	8	5	5	0	1
26	 368 A	L	1	8	6	5	2	1
26	 369 A	M	1	8	4	0	4	0
26	 370 A	T	0	7	7	4	7	4
26	 371 A	L	0	8	6	5	0	6
26	 372 A	M	0	8	7	0	6	3
26	 373 A	G	0	4	2	0	2	0
26	 374 A	L	0	8	5	0	0	5
26	 375 A	L	0	8	5	0	0	5
26	 376 A	I	0	8	6	0	4	5
26	 377 A	V	0	7	6	0	0	6
29	  10 B	L	0	8	7	4	0	7
29	  11 B	L	1	8	4	4	0	3
29	  12 B	M	1	8	6	2	5	5
29	  13 B	L	1	8	5	2	2	4
29	  14 B	V	1	7	4	3	3	1
29	  15 B	L	1	8	5	2	5	0
29	  16 B	L	1	8	6	0	6	3
29	  17 B	V	1	7	3	0	3	1
29	  18 B	A	1	5	1	1	1	0
29	  19 B	V	1	7	4	0	4	0
29	  20 B	G	1	4	2	0	2	0
29	  21 B	Q	1	9	5	0	5	0
29	  22 B	M	1	8	7	0	7	0
29	  23 B	A	1	5	1	0	1	0
29	  24 B	Q	1	9	3	0	3	0
29	  25 B	T	1	7	6	0	6	0
29	  26 B	I	1	8	5	0	5	0
29	  27 B	Y	1	12	4	0	4	0
29	  28 B	I	1	8	1	0	1	0
29	  29 B	P	1	7	3	0	3	0
29	  30 B	A	1	5	0	0	0	0
29	  31 B	I	1	8	4	0	4	0
29	  32 B	A	0	5	1	0	1	0
29	  33 B	D	0	8	3	0	0	3
29	  34 B	M	0	8	5	0	2	4
29	  35 B	A	0	5	1	0	1	0
31	  43 B	G	0	4	4	3	0	4
31	  44 B	A	1	5	3	3	0	3
31	  45 B	V	1	7	3	0	3	0
31	  46 B	Q	1	9	5	4	3	4
31	  47 B	S	1	6	4	4	0	1
31	  48 B	V	1	7	4	3	3	1
31	  49 B	M	1	8	3	0	3	0
31	  50 B	G	1	4	3	2	1	0
31	  51 B	A	1	5	3	3	0	0
31	  52 B	Y	1	12	0	0	0	0
31	  53 B	L	1	8	5	3	3	0
31	  54 B	L	1	8	7	7	0	0
31	  55 B	T	1	7	3	1	3	0
31	  56 B	Y	1	12	4	0	4	0
31	  57 B	G	1	4	2	2	1	0
31	  58 B	V	1	7	6	6	0	4
31	  59 B	S	1	6	3	2	2	0
31	  60 B	Q	0	9	5	0	4	2
35	  77 B	L	1	8	7	1	7	0
35	  78 B	V	1	7	4	4	0	0
35	  79 B	G	1	4	1	1	0	0
35	  80 B	M	1	8	4	2	3	0
35	  81 B	S	1	6	3	2	2	0
35	  82 B	I	1	8	6	6	0	0
35	  83 B	F	1	11	10	10	0	0
35	  84 B	M	1	8	7	1	6	0
35	  85 B	L	1	8	7	7	4	0
35	  86 B	A	1	5	3	3	0	2
35	  87 B	T	1	7	5	4	1	0
35	  88 B	L	0	8	5	1	5	4
35	  89 B	V	0	7	7	2	0	7
35	  90 B	A	0	5	4	1	3	2
35	  91 B	V	0	7	5	1	5	0
35	  92 B	T	0	7	5	0	0	5
35	  93 B	T	0	7	4	0	0	4
35	  94 B	S	0	6	5	2	4	2
35	  95 B	S	0	6	6	0	6	2
35	  96 B	L	0	8	6	0	2	6
37	  98 B	V	1	7	5	5	1	4
37	  99 B	L	1	8	5	3	5	3
37	 100 B	I	1	8	5	2	4	2
37	 101 B	A	1	5	4	4	0	2
37	 102 B	A	1	5	4	4	0	0
37	 103 B	S	1	6	3	1	2	0
37	 104 B	A	1	5	2	1	2	0
37	 105 B	M	1	8	4	3	2	0
37	 106 B	Q	1	9	4	4	1	0
37	 107 B	G	1	4	2	0	2	0
37	 108 B	M	1	8	7	0	7	0
37	 109 B	G	1	4	2	1	2	0
37	 110 B	T	1	7	3	0	3	0
37	 111 B	G	1	4	0	0	0	0
37	 112 B	V	1	7	3	3	3	0
37	 113 B	G	1	4	3	0	0	3
37	 114 B	G	1	4	0	0	0	0
37	 115 B	V	1	7	3	0	3	1
37	 116 B	M	0	8	6	0	0	6
37	 117 B	A	0	5	2	0	2	1
37	 118 B	R	0	11	2	0	2	0
37	 119 B	T	0	7	3	0	0	3
37	 120 B	L	0	8	6	0	0	6
37	 121 B	P	0	7	4	0	3	4
37	 122 B	R	0	11	6	0	2	6
37	 123 B	D	0	8	7	0	0	7
37	 124 B	L	0	8	5	0	0	5
37	 125 B	Y	0	12	5	0	0	5
37	 126 B	E	0	9	8	0	0	8
39	 133 B	A	0	5	2	1	2	1
39	 134 B	N	0	8	6	4	0	6
39	 135 B	S	0	6	3	2	2	2
39	 136 B	L	1	8	3	0	3	0
39	 137 B	L	1	8	5	5	1	2
39	 138 B	N	1	8	7	6	3	1
39	 139 B	M	1	8	5	0	5	0
39	 140 B	G	1	4	2	0	2	0
39	 141 B	I	1	8	5	4	4	0
39	 142 B	L	1	8	6	3	5	0
39	 143 B	V	1	7	5	0	5	0
39	 144 B	S	1	6	5	3	3	0
39	 145 B	P	1	7	5	5	0	0
39	 146 B	L	1	8	6	5	2	0
39	 147 B	L	1	8	4	0	4	0
39	 148 B	A	1	5	3	2	2	2
39	 149 B	P	1	7	6	6	0	4
39	 150 B	L	1	8	6	2	4	3
39	 151 B	I	0	8	5	0	3	2
39	 152 B	G	0	4	3	2	0	3
41	 158 B	M	0	8	4	0	3	4
41	 159 B	W	0	14	11	2	0	11
41	 160 B	N	0	8	6	3	1	6
41	 161 B	W	1	14	5	0	5	0
41	 162 B	R	1	11	8	6	4	4
41	 163 B	A	1	5	2	2	0	1
41	 164 B	C	1	6	5	4	3	1
41	 165 B	Y	1	12	11	0	11	0
41	 166 B	L	1	8	5	4	4	0
41	 167 B	F	1	11	8	8	0	0
41	 168 B	L	1	8	5	3	5	0
41	 169 B	L	1	8	6	1	6	0
41	 170 B	V	1	7	5	5	0	0
41	 171 B	L	1	8	6	4	4	0
41	 172 B	C	1	6	4	0	4	0
41	 173 B	A	1	5	3	3	1	1
41	 174 B	G	1	4	4	4	0	2
41	 175 B	V	1	7	4	3	1	1
41	 176 B	T	1	7	5	1	4	2
43	 202 B	T	0	7	5	0	0	5
43	 203 B	L	0	8	6	0	0	6
43	 204 B	F	0	11	8	0	0	8
43	 205 B	G	0	4	4	0	0	4
43	 206 B	N	0	8	5	0	0	5
43	 207 B	S	0	6	4	0	0	4
43	 208 B	G	0	4	4	0	2	3
43	 209 B	F	0	11	8	0	5	6
43	 210 B	N	0	8	6	0	1	6
43	 211 B	C	0	6	4	2	4	2
43	 212 B	Y	0	12	8	0	8	1
43	 213 B	L	0	8	7	0	7	0
43	 214 B	L	0	8	5	3	5	3
43	 215 B	M	1	8	7	6	5	2
43	 216 B	L	1	8	6	0	6	0
43	 217 B	I	1	8	3	0	3	0
43	 218 B	G	1	4	3	0	3	0
43	 219 B	G	1	4	4	3	3	0
43	 220 B	L	1	8	4	0	4	0
43	 221 B	A	1	5	1	0	1	0
43	 222 B	G	1	4	4	3	2	0
43	 223 B	I	1	8	3	1	3	0
43	 224 B	A	1	5	2	0	2	0
43	 225 B	A	1	5	3	1	3	0
43	 226 B	F	1	11	7	7	4	0
43	 227 B	E	1	9	6	0	6	0
43	 228 B	A	1	5	1	0	1	0
43	 229 B	C	1	6	3	2	2	3
45	 235 B	G	0	4	3	0	0	3
45	 236 B	A	0	5	3	0	0	3
45	 237 B	V	0	7	3	0	1	3
45	 238 B	L	0	8	5	0	5	0
45	 239 B	G	0	4	2	0	2	0
45	 240 B	L	1	8	4	3	0	4
45	 241 B	S	1	6	0	0	0	0
45	 242 B	S	1	6	3	0	3	0
45	 243 B	M	1	8	3	2	2	1
45	 244 B	T	1	7	3	3	0	1
45	 245 B	V	1	7	3	0	3	0
45	 246 B	S	1	6	3	0	3	0
45	 247 B	I	1	8	6	4	3	0
45	 248 B	L	1	8	4	3	3	0
45	 249 B	F	1	11	10	0	10	0
45	 250 B	I	1	8	3	2	2	0
45	 251 B	L	1	8	5	5	0	0
45	 252 B	P	1	7	2	1	2	0
45	 253 B	I	1	8	4	0	4	0
45	 254 B	P	1	7	5	4	1	3
45	 255 B	A	1	5	4	4	0	4
45	 256 B	A	0	5	2	1	1	1
45	 257 B	F	0	11	7	1	1	7
45	 258 B	F	0	11	9	2	0	9
45	 259 B	G	0	4	1	0	0	1
45	 260 B	A	0	5	3	0	1	3
45	 261 B	W	0	14	13	0	0	13
45	 262 B	F	0	11	8	2	4	8
45	 263 B	A	0	5	3	0	1	3
45	 264 B	G	0	4	4	0	0	4
47	 269 B	R	0	11	7	0	7	1
47	 270 B	F	0	11	6	4	3	6
47	 271 B	S	0	6	4	2	3	2
47	 272 B	T	1	7	5	0	5	0
47	 273 B	L	1	8	6	2	6	2
47	 274 B	M	1	8	5	5	0	3
47	 275 B	W	1	14	10	6	7	0
47	 276 B	Q	1	9	5	0	5	0
47	 277 B	S	1	6	4	4	1	0
47	 278 B	V	1	7	4	3	2	0
47	 279 B	I	1	8	4	0	4	0
47	 280 B	C	1	6	4	4	1	0
47	 281 B	C	1	6	6	6	0	0
47	 282 B	L	1	8	6	3	6	0
47	 283 B	L	1	8	4	3	2	0
49	 290 B	I	1	8	5	5	3	1
49	 291 B	P	1	7	3	2	3	0
49	 292 B	D	1	8	3	2	2	1
49	 293 B	W	1	14	7	3	3	4
49	 294 B	F	1	11	9	9	6	0
49	 295 B	G	1	4	2	0	2	0
49	 296 B	V	1	7	5	0	5	0
49	 297 B	M	1	8	5	3	4	0
49	 298 B	N	1	8	5	3	4	0
49	 299 B	V	1	7	3	0	3	0
49	 300 B	W	1	14	9	0	9	0
49	 301 B	T	1	7	4	3	4	1
49	 302 B	L	1	8	4	0	4	0
49	 303 B	L	1	8	1	0	1	0
49	 304 B	V	1	7	2	0	2	0
49	 305 B	P	0	7	3	1	3	1
49	 306 B	A	0	5	1	0	1	0
49	 307 B	A	0	5	0	0	0	0
49	 308 B	L	0	8	4	0	3	3
49	 309 B	F	0	11	8	0	5	7
49	 310 B	F	0	11	5	0	4	3
49	 311 B	F	0	11	6	0	3	6
49	 312 B	G	0	4	3	0	0	3
49	 313 B	A	0	5	5	0	0	5
49	 314 B	G	0	4	1	0	0	1
49	 315 B	M	0	8	4	0	2	4
51	 321 B	T	0	7	4	0	0	4
51	 322 B	S	0	6	2	0	0	2
51	 323 B	G	0	4	0	0	0	0
51	 324 B	A	0	5	1	0	0	1
51	 325 B	M	0	8	3	0	0	3
51	 326 B	E	0	9	4	0	1	4
51	 327 B	P	0	7	1	0	1	0
51	 328 B	F	0	11	5	0	4	2
51	 329 B	P	0	7	5	2	0	5
51	 330 B	F	0	11	9	2	5	7
51	 331 B	L	1	8	7	0	7	0
51	 332 B	A	1	5	3	3	1	1
51	 333 B	G	1	4	4	4	0	2
51	 334 B	T	1	7	5	4	3	2
51	 335 B	A	1	5	2	1	2	0
51	 336 B	G	1	4	4	4	0	0
51	 337 B	A	1	5	5	5	0	0
51	 338 B	L	1	8	5	4	3	0
51	 339 B	V	1	7	4	4	1	0
51	 340 B	G	1	4	4	4	0	0
51	 341 B	G	1	4	4	4	0	0
51	 342 B	L	1	8	5	4	2	0
51	 343 B	Q	1	9	8	8	0	2
51	 344 B	N	1	8	6	6	0	3
51	 345 B	I	1	8	7	7	0	4
51	 346 B	G	1	4	3	2	0	3
51	 347 B	S	0	6	6	3	0	6
51	 348 B	G	0	4	3	3	0	3
53	 356 B	M	1	8	5	5	0	2
53	 357 B	L	1	8	6	6	0	3
53	 358 B	P	1	7	6	5	3	1
53	 359 B	Q	1	9	7	7	3	1
53	 360 B	T	1	7	5	5	0	0
53	 361 B	G	1	4	3	3	0	0
53	 362 B	Q	1	9	7	2	6	0
53	 363 B	G	1	4	2	2	0	0
53	 364 B	S	1	6	5	5	0	0
53	 365 B	L	1	8	5	2	5	0
53	 366 B	G	1	4	1	0	1	0
53	 367 B	L	1	8	5	5	0	1
53	 368 B	L	1	8	6	5	2	1
53	 369 B	M	1	8	4	0	4	0
53	 370 B	T	1	7	6	4	6	4
53	 371 B	L	0	8	6	4	0	6
53	 372 B	M	0	8	7	0	6	3
53	 373 B	G	0	4	2	0	2	0
53	 374 B	L	0	8	5	1	0	5
53	 375 B	L	0	8	5	0	0	5
53	 376 B	I	0	8	6	0	4	5
53	 377 B	V	0	7	6	0	0	6
