H-Nr	AAId	AA	I/A	ges	Kont	Memb	Hel	H2O
2	   9 A	P	0	7	3	0	0	3
2	  10 A	I	0	8	3	1	1	2
2	  11 A	F	1	11	5	5	2	5
2	  12 A	A	1	5	0	0	0	0
2	  13 A	W	1	14	8	8	1	3
2	  14 A	V	1	7	3	1	3	0
2	  15 A	I	1	8	4	4	0	0
2	  16 A	A	1	5	1	0	1	0
2	  17 A	I	1	8	4	3	2	0
2	  18 A	I	1	8	5	4	1	0
2	  19 A	I	1	8	5	5	1	0
2	  20 A	M	1	8	6	5	4	0
2	  21 A	L	1	8	5	5	0	0
2	  22 A	A	1	5	4	4	1	0
2	  23 A	G	1	4	2	0	2	0
2	  24 A	G	1	4	3	3	0	1
2	  25 A	L	1	8	5	5	0	4
2	  26 A	A	1	5	2	2	1	2
2	  27 A	I	1	8	4	4	2	4
2	  28 A	L	0	8	7	4	0	7
2	  29 A	K	0	9	8	2	0	8
55	 330 A	T	0	7	2	0	0	2
55	 331 A	P	0	7	3	0	0	3
55	 332 A	F	0	11	2	0	0	2
55	 333 A	V	0	7	2	0	0	2
55	 334 A	K	0	9	7	0	0	7
55	 335 A	I	0	8	4	0	0	4
55	 336 A	S	0	6	0	0	0	0
55	 337 A	I	0	8	2	0	1	2
55	 338 A	H	0	10	7	2	0	7
55	 339 A	E	0	9	6	2	1	5
55	 340 A	V	0	7	3	0	3	0
55	 341 A	V	1	7	3	3	2	3
55	 342 A	K	1	9	6	5	0	5
55	 343 A	T	1	7	3	1	2	1
55	 344 A	L	1	8	3	2	2	1
55	 345 A	V	1	7	5	5	0	0
55	 346 A	E	1	9	6	6	3	0
55	 347 A	A	1	5	1	0	1	0
55	 348 A	I	1	8	4	3	3	0
55	 349 A	I	1	8	4	4	0	0
55	 350 A	L	1	8	3	3	1	0
55	 351 A	V	1	7	2	0	2	0
55	 352 A	F	1	11	8	7	4	2
55	 353 A	L	1	8	6	6	0	0
55	 354 A	V	1	7	3	1	3	0
55	 355 A	M	1	8	3	0	3	0
55	 356 A	Y	1	12	5	3	0	5
55	 357 A	L	0	8	6	5	0	5
55	 358 A	F	0	11	9	2	6	6
55	 359 A	L	0	8	6	0	2	5
57	 366 A	L	1	8	3	3	2	2
57	 367 A	I	1	8	2	0	2	0
57	 368 A	P	1	7	4	0	4	0
57	 369 A	T	1	7	3	1	3	0
57	 370 A	I	1	8	3	3	1	1
57	 371 A	A	1	5	1	0	1	0
57	 372 A	V	1	7	3	0	3	0
57	 373 A	P	1	7	3	3	1	0
57	 374 A	V	1	7	5	0	5	0
57	 375 A	V	1	7	3	0	3	0
57	 376 A	L	1	8	4	2	3	0
57	 377 A	L	1	8	4	3	2	0
57	 378 A	G	1	4	3	2	2	0
57	 379 A	T	1	7	5	0	5	0
57	 380 A	F	1	11	5	3	5	1
57	 381 A	A	1	5	3	3	1	0
57	 382 A	V	1	7	4	4	3	0
57	 383 A	L	1	8	2	0	2	0
57	 384 A	A	1	5	3	3	1	3
57	 385 A	A	1	5	5	5	0	2
60	 392 A	T	0	7	2	0	2	0
60	 393 A	L	0	8	6	0	6	0
60	 394 A	T	0	7	2	0	2	0
60	 395 A	M	1	8	4	0	4	0
60	 396 A	F	1	11	7	0	7	0
60	 397 A	G	1	4	0	0	0	0
60	 398 A	M	1	8	3	0	3	0
60	 399 A	V	1	7	4	0	4	0
60	 400 A	L	1	8	5	0	5	0
60	 401 A	A	1	5	1	0	1	0
60	 402 A	I	1	8	2	0	2	0
60	 403 A	G	1	4	3	0	3	0
60	 404 A	L	1	8	3	0	3	0
60	 405 A	L	1	8	3	0	3	0
60	 406 A	V	1	7	3	0	3	0
60	 407 A	D	1	8	4	0	4	0
60	 408 A	D	1	8	4	0	4	0
60	 409 A	A	1	5	1	0	1	0
60	 410 A	I	1	8	3	0	3	0
60	 411 A	V	0	7	1	0	1	0
60	 412 A	V	0	7	4	0	4	0
60	 413 A	V	0	7	3	0	3	0
60	 414 A	E	0	9	5	0	4	1
60	 415 A	N	0	8	5	0	5	2
60	 416 A	V	0	7	5	0	5	0
60	 417 A	E	0	9	7	0	1	6
60	 418 A	R	0	11	6	0	2	4
60	 419 A	V	0	7	3	0	3	1
60	 420 A	M	0	8	2	0	2	1
60	 421 A	A	0	5	3	0	0	3
60	 422 A	E	0	9	7	0	0	7
62	 427 A	P	0	7	3	0	1	3
62	 428 A	K	0	9	5	0	0	5
62	 429 A	E	0	9	6	0	0	6
62	 430 A	A	0	5	2	0	2	0
62	 431 A	T	0	7	1	0	1	0
62	 432 A	R	0	11	9	0	0	9
62	 433 A	K	0	9	8	0	2	8
62	 434 A	S	0	6	4	0	3	2
62	 435 A	M	0	8	4	0	1	3
62	 436 A	G	0	4	3	0	0	3
62	 437 A	Q	0	9	8	0	2	7
62	 438 A	I	0	8	2	0	2	1
62	 439 A	Q	0	9	5	2	0	5
62	 440 A	G	0	4	4	2	0	4
62	 441 A	A	0	5	3	0	0	3
62	 442 A	L	1	8	2	0	2	0
62	 443 A	V	1	7	3	3	1	2
62	 444 A	G	1	4	3	3	1	3
62	 445 A	I	1	8	4	0	4	0
62	 446 A	A	1	5	2	1	2	0
62	 447 A	M	1	8	5	5	0	0
62	 448 A	V	1	7	4	3	3	1
62	 449 A	L	1	8	4	2	3	0
62	 450 A	S	1	6	5	3	3	0
62	 451 A	A	1	5	3	2	2	0
62	 452 A	V	1	7	4	3	3	0
62	 453 A	F	1	11	7	0	7	0
64	 461 A	G	0	4	4	0	0	4
64	 462 A	S	0	6	4	0	0	4
64	 463 A	T	0	7	3	0	0	3
64	 464 A	G	0	4	1	0	0	1
64	 465 A	A	0	5	2	0	0	2
64	 466 A	I	0	8	4	0	4	0
64	 467 A	Y	0	12	4	0	3	2
64	 468 A	R	0	11	6	3	0	6
64	 469 A	Q	0	9	4	0	3	2
64	 470 A	F	1	11	7	0	7	0
64	 471 A	S	1	6	2	2	1	0
64	 472 A	I	1	8	4	4	0	1
64	 473 A	T	1	7	4	0	4	0
64	 474 A	I	1	8	3	0	3	0
64	 475 A	V	1	7	3	2	1	0
64	 476 A	S	1	6	4	3	2	0
64	 477 A	A	1	5	4	0	4	0
64	 478 A	M	1	8	3	1	3	0
64	 479 A	A	1	5	4	4	0	0
64	 480 A	L	1	8	4	2	2	0
64	 481 A	S	1	6	4	0	4	0
64	 482 A	V	1	7	3	2	2	0
64	 483 A	L	1	8	5	5	0	0
64	 484 A	V	1	7	2	0	2	0
70	 539 A	G	0	4	4	3	0	4
70	 540 A	R	0	11	9	2	0	9
70	 541 A	Y	0	12	5	3	0	5
70	 542 A	L	1	8	4	4	0	4
70	 543 A	V	1	7	3	3	0	3
70	 544 A	L	1	8	4	4	0	3
70	 545 A	Y	1	12	4	2	3	0
70	 546 A	L	1	8	4	4	0	0
70	 547 A	I	1	8	5	5	0	0
70	 548 A	I	1	8	5	5	1	0
70	 549 A	V	1	7	3	3	1	0
70	 550 A	V	1	7	5	5	0	0
70	 551 A	G	1	4	2	2	0	0
70	 552 A	M	1	8	7	2	6	0
70	 553 A	A	1	5	3	3	0	0
70	 554 A	Y	1	12	10	10	0	4
70	 555 A	L	1	8	4	3	2	1
70	 556 A	F	1	11	9	8	1	3
70	 557 A	V	1	7	5	5	0	5
70	 558 A	R	0	11	10	7	0	10
116	 873 A	A	0	5	2	1	0	2
116	 874 A	P	1	7	6	6	0	2
116	 875 A	S	1	6	4	4	0	2
116	 876 A	L	1	8	2	2	0	2
116	 877 A	Y	1	12	10	10	0	1
116	 878 A	A	1	5	3	3	0	0
116	 879 A	I	1	8	3	3	2	0
116	 880 A	S	1	6	3	3	1	0
116	 881 A	L	1	8	5	5	0	0
116	 882 A	I	1	8	4	4	1	0
116	 883 A	V	1	7	3	3	2	0
116	 884 A	V	1	7	3	3	2	0
116	 885 A	F	1	11	7	7	0	1
116	 886 A	L	1	8	6	3	5	0
116	 887 A	C	1	6	4	4	1	1
116	 888 A	L	1	8	3	1	2	0
116	 889 A	A	1	5	2	0	2	0
116	 890 A	A	0	5	4	1	4	2
116	 891 A	L	0	8	7	2	2	6
116	 892 A	Y	0	12	7	0	4	4
120	 905 A	V	1	7	3	3	3	0
120	 906 A	P	1	7	3	2	3	0
120	 907 A	L	1	8	2	0	2	0
120	 908 A	G	1	4	2	0	2	0
120	 909 A	V	1	7	4	2	4	0
120	 910 A	I	1	8	4	3	3	0
120	 911 A	G	1	4	4	2	3	0
120	 912 A	A	1	5	2	0	2	0
120	 913 A	L	1	8	4	0	4	0
120	 914 A	L	1	8	4	4	0	0
120	 915 A	A	1	5	4	3	3	0
120	 916 A	A	1	5	2	1	1	1
120	 917 A	T	1	7	5	5	0	5
120	 918 A	F	1	11	10	10	0	1
122	 925 A	V	0	7	3	0	3	1
122	 926 A	Y	0	12	8	0	8	0
122	 927 A	F	1	11	4	1	3	1
122	 928 A	Q	1	9	6	4	1	4
122	 929 A	V	1	7	4	0	4	0
122	 930 A	G	1	4	2	0	2	0
122	 931 A	L	1	8	3	2	1	0
122	 932 A	L	1	8	5	2	4	0
122	 933 A	T	1	7	4	0	4	0
122	 934 A	T	1	7	1	0	1	0
122	 935 A	I	1	8	3	2	3	0
122	 936 A	G	1	4	3	1	3	0
122	 937 A	L	1	8	3	0	3	0
122	 938 A	S	1	6	1	0	1	0
122	 939 A	A	1	5	1	1	0	0
122	 940 A	K	1	9	4	0	4	0
122	 941 A	N	1	8	2	0	2	0
122	 942 A	A	1	5	0	0	0	0
122	 943 A	I	0	8	6	0	6	0
122	 944 A	L	0	8	1	0	1	0
122	 945 A	I	0	8	0	0	0	0
122	 946 A	V	0	7	2	0	2	0
122	 947 A	E	0	9	5	0	2	5
122	 948 A	F	0	11	3	0	2	3
122	 949 A	A	0	5	0	0	0	0
122	 950 A	K	0	9	5	0	0	5
122	 951 A	D	0	8	5	0	2	5
122	 952 A	L	0	8	2	0	0	2
122	 953 A	M	0	8	4	0	0	4
122	 954 A	D	0	8	7	0	0	7
126	 973 A	R	0	11	8	0	3	8
126	 974 A	P	0	7	3	0	3	0
126	 975 A	I	0	8	2	0	2	0
126	 976 A	L	1	8	4	2	0	4
126	 977 A	M	1	8	4	0	4	0
126	 978 A	T	1	7	5	0	5	0
126	 979 A	S	1	6	3	2	3	1
126	 980 A	L	1	8	5	4	4	3
126	 981 A	A	1	5	3	0	3	0
126	 982 A	F	1	11	7	0	7	0
126	 983 A	I	1	8	3	2	3	0
126	 984 A	L	1	8	5	4	1	0
126	 985 A	G	1	4	1	0	1	0
126	 986 A	V	1	7	3	0	3	0
126	 987 A	M	1	8	5	4	3	0
126	 988 A	P	1	7	5	5	3	1
126	 989 A	L	1	8	5	0	5	0
126	 990 A	V	1	7	4	3	1	0
126	 991 A	I	1	8	6	6	0	3
128	 997 A	S	0	6	3	0	0	3
128	 998 A	G	0	4	3	0	0	3
128	 999 A	A	0	5	1	0	1	0
128	1000 A	Q	0	9	7	2	7	2
128	1001 A	N	0	8	4	2	1	4
128	1002 A	A	0	5	1	0	1	1
128	1003 A	V	1	7	3	0	3	0
128	1004 A	G	1	4	2	0	2	0
128	1005 A	T	1	7	4	4	1	1
128	1006 A	G	1	4	2	0	2	0
128	1007 A	V	1	7	3	0	3	0
128	1008 A	M	1	8	4	4	2	0
128	1009 A	G	1	4	4	3	2	0
128	1010 A	G	1	4	2	0	2	0
128	1011 A	M	1	8	4	0	4	0
128	1012 A	V	1	7	3	3	1	0
128	1013 A	T	1	7	4	3	3	0
128	1014 A	A	1	5	1	0	1	0
128	1015 A	T	1	7	3	1	3	1
128	1016 A	V	1	7	4	4	0	3
134	   9 B	P	0	7	3	1	2	3
134	  10 B	I	0	8	3	2	1	2
134	  11 B	F	1	11	5	4	4	3
134	  12 B	A	1	5	3	0	3	0
134	  13 B	W	1	14	8	8	2	3
134	  14 B	V	1	7	4	1	4	0
134	  15 B	I	1	8	4	4	1	0
134	  16 B	A	1	5	2	2	1	0
134	  17 B	I	1	8	4	3	1	0
134	  18 B	I	1	8	6	6	0	0
134	  19 B	I	1	8	4	4	2	0
134	  20 B	M	1	8	6	5	2	0
134	  21 B	L	1	8	6	6	0	0
134	  22 B	A	1	5	4	4	0	0
134	  23 B	G	1	4	1	0	1	0
134	  24 B	G	1	4	3	3	1	2
134	  25 B	L	1	8	8	8	0	5
134	  26 B	A	1	5	3	3	1	2
134	  27 B	I	0	8	5	4	2	5
134	  28 B	L	0	8	5	2	0	5
187	 330 B	T	0	7	2	0	0	2
187	 331 B	P	0	7	4	0	0	4
187	 332 B	F	0	11	1	0	0	1
187	 333 B	V	0	7	0	0	0	0
187	 334 B	K	0	9	7	0	0	7
187	 335 B	I	0	8	4	0	0	4
187	 336 B	S	0	6	0	0	0	0
187	 337 B	I	0	8	3	1	0	3
187	 338 B	H	0	10	7	5	0	7
187	 339 B	E	0	9	6	5	2	6
187	 340 B	V	0	7	0	0	0	0
187	 341 B	V	1	7	3	3	0	3
187	 342 B	K	1	9	6	6	0	4
187	 343 B	T	1	7	4	3	1	1
187	 344 B	L	1	8	4	2	4	1
187	 345 B	V	1	7	3	3	0	0
187	 346 B	E	1	9	5	5	0	0
187	 347 B	A	1	5	1	0	1	0
187	 348 B	I	1	8	4	3	4	0
187	 349 B	I	1	8	5	5	0	0
187	 350 B	L	1	8	3	3	2	0
187	 351 B	V	1	7	2	0	2	0
187	 352 B	F	1	11	9	7	7	2
187	 353 B	L	1	8	4	4	0	1
187	 354 B	V	1	7	4	4	3	3
187	 355 B	M	1	8	4	0	4	0
187	 356 B	Y	0	12	7	3	1	6
187	 357 B	L	0	8	7	5	0	7
189	 362 B	F	0	11	8	7	2	6
189	 363 B	R	0	11	6	1	0	6
189	 364 B	A	0	5	0	0	0	0
189	 365 B	T	1	7	4	0	4	0
189	 366 B	L	1	8	4	4	0	1
189	 367 B	I	1	8	4	0	4	0
189	 368 B	P	1	7	2	0	2	0
189	 369 B	T	1	7	4	2	2	0
189	 370 B	I	1	8	5	5	1	1
189	 371 B	A	1	5	1	0	1	0
189	 372 B	V	1	7	2	0	2	0
189	 373 B	P	1	7	2	2	1	0
189	 374 B	V	1	7	3	2	3	0
189	 375 B	V	1	7	3	0	3	0
189	 376 B	L	1	8	4	2	3	0
189	 377 B	L	1	8	4	3	3	0
189	 378 B	G	1	4	3	2	3	0
189	 379 B	T	1	7	4	0	4	0
189	 380 B	F	1	11	7	2	7	2
189	 381 B	A	1	5	5	4	3	2
189	 382 B	V	1	7	4	4	3	0
189	 383 B	L	1	8	1	0	1	0
189	 384 B	A	0	5	4	1	1	4
189	 385 B	A	0	5	4	4	0	4
193	 402 B	I	1	8	3	0	3	0
193	 403 B	G	1	4	2	0	2	0
193	 404 B	L	1	8	3	0	3	0
193	 405 B	L	1	8	5	0	5	0
193	 406 B	V	1	7	3	0	3	0
193	 407 B	D	1	8	4	0	4	0
193	 408 B	D	1	8	4	0	4	0
193	 409 B	A	1	5	1	0	1	0
193	 410 B	I	1	8	4	0	4	0
193	 411 B	V	1	7	2	0	2	0
193	 412 B	V	0	7	4	0	4	0
193	 413 B	V	0	7	1	0	1	0
193	 414 B	E	0	9	4	0	4	0
193	 415 B	N	0	8	5	0	5	0
193	 416 B	V	0	7	3	0	3	0
193	 417 B	E	0	9	4	0	0	4
193	 418 B	R	0	11	8	0	5	5
193	 419 B	V	0	7	3	0	3	0
193	 420 B	M	0	8	1	0	1	0
193	 421 B	A	0	5	1	0	0	1
193	 422 B	E	0	9	7	0	0	7
193	 423 B	E	0	9	6	0	3	6
195	 427 B	P	0	7	3	0	0	3
195	 428 B	K	0	9	5	0	2	5
195	 429 B	E	0	9	6	0	0	6
195	 430 B	A	0	5	1	0	1	0
195	 431 B	T	0	7	5	0	5	0
195	 432 B	R	0	11	8	0	0	8
195	 433 B	K	0	9	7	0	2	6
195	 434 B	S	0	6	3	0	3	0
195	 435 B	M	0	8	4	0	3	1
195	 436 B	G	0	4	4	0	0	4
195	 437 B	Q	0	9	8	0	2	6
195	 438 B	I	0	8	3	0	3	0
195	 439 B	Q	0	9	6	3	0	6
195	 440 B	G	0	4	4	2	2	3
195	 441 B	A	1	5	2	0	1	1
195	 442 B	L	1	8	5	0	5	0
195	 443 B	V	1	7	4	4	1	2
195	 444 B	G	1	4	2	2	0	1
195	 445 B	I	1	8	4	0	4	0
195	 446 B	A	1	5	2	2	1	0
195	 447 B	M	1	8	5	5	1	0
195	 448 B	V	1	7	3	1	3	0
195	 449 B	L	1	8	4	0	4	0
195	 450 B	S	1	6	3	3	1	0
195	 451 B	A	1	5	3	2	2	0
195	 452 B	V	1	7	2	2	1	0
195	 453 B	F	1	11	8	0	8	0
195	 454 B	V	1	7	3	3	1	1
195	 455 B	P	1	7	5	4	3	2
195	 456 B	M	0	8	5	0	5	0
195	 457 B	A	0	5	5	2	3	3
197	 461 B	G	0	4	3	0	0	3
197	 462 B	S	0	6	1	0	0	1
197	 463 B	T	0	7	3	0	0	3
197	 464 B	G	0	4	0	0	0	0
197	 465 B	A	0	5	2	0	0	2
197	 466 B	I	0	8	1	0	1	0
197	 467 B	Y	0	12	6	0	4	4
197	 468 B	R	0	11	7	0	1	6
197	 469 B	Q	0	9	3	0	0	3
197	 470 B	F	0	11	7	0	7	0
197	 471 B	S	1	6	4	0	4	0
197	 472 B	I	1	8	2	2	1	2
197	 473 B	T	1	7	2	0	2	0
197	 474 B	I	1	8	2	0	2	0
197	 475 B	V	1	7	3	2	1	1
197	 476 B	S	1	6	4	4	2	0
197	 477 B	A	1	5	4	0	4	0
197	 478 B	M	1	8	3	1	3	0
197	 479 B	A	1	5	1	1	0	0
197	 480 B	L	1	8	4	3	2	0
197	 481 B	S	1	6	4	0	4	0
197	 482 B	V	1	7	3	1	3	0
197	 483 B	L	1	8	5	5	0	0
197	 484 B	V	1	7	4	2	3	0
197	 485 B	A	1	5	2	0	2	0
197	 486 B	L	1	8	3	3	2	2
197	 487 B	I	1	8	4	4	1	1
197	 488 B	L	1	8	4	2	3	0
197	 489 B	T	1	7	2	0	2	0
197	 490 B	P	0	7	4	0	4	0
197	 491 B	A	0	5	1	0	1	0
197	 492 B	L	0	8	3	1	3	1
197	 493 B	C	0	6	3	0	3	0
197	 494 B	A	0	5	3	0	3	1
197	 495 B	T	0	7	6	2	2	6
201	 541 B	Y	1	12	7	5	0	7
201	 542 B	L	1	8	4	4	0	1
201	 543 B	V	1	7	3	3	0	1
201	 544 B	L	1	8	4	4	0	0
201	 545 B	Y	1	12	6	3	4	0
201	 546 B	L	1	8	5	5	0	0
201	 547 B	I	1	8	6	6	0	0
201	 548 B	I	1	8	5	3	2	0
201	 549 B	V	1	7	3	3	1	0
201	 550 B	V	1	7	3	3	0	0
201	 551 B	G	1	4	4	3	1	0
201	 552 B	M	1	8	7	2	6	0
201	 553 B	A	1	5	4	4	0	2
201	 554 B	Y	1	12	9	8	0	6
201	 555 B	L	1	8	4	3	4	1
201	 556 B	F	1	11	8	8	0	4
201	 557 B	V	0	7	5	4	0	5
201	 558 B	R	0	11	10	1	0	10
247	 873 B	A	0	5	3	2	0	3
247	 874 B	P	0	7	6	4	0	6
247	 875 B	S	1	6	4	4	0	4
247	 876 B	L	1	8	3	2	1	2
247	 877 B	Y	1	12	7	7	1	3
247	 878 B	A	1	5	4	4	0	1
247	 879 B	I	1	8	4	4	0	2
247	 880 B	S	1	6	2	1	2	0
247	 881 B	L	1	8	6	6	0	0
247	 882 B	I	1	8	5	5	0	0
247	 883 B	V	1	7	3	3	2	0
247	 884 B	V	1	7	2	2	2	0
247	 885 B	F	1	11	7	7	0	0
247	 886 B	L	1	8	6	1	5	0
247	 887 B	C	1	6	4	4	2	0
247	 888 B	L	1	8	3	1	2	0
247	 889 B	A	1	5	3	0	3	0
247	 890 B	A	1	5	4	2	4	1
247	 891 B	L	1	8	6	5	2	3
251	 905 B	V	1	7	3	3	1	0
251	 906 B	P	1	7	3	2	3	0
251	 907 B	L	1	8	2	0	2	0
251	 908 B	G	1	4	1	0	1	0
251	 909 B	V	1	7	3	2	2	0
251	 910 B	I	1	8	4	3	4	0
251	 911 B	G	1	4	3	0	3	0
251	 912 B	A	1	5	3	0	3	0
251	 913 B	L	1	8	4	0	4	0
251	 914 B	L	1	8	5	5	0	0
251	 915 B	A	1	5	4	3	2	0
251	 916 B	A	1	5	1	0	1	0
251	 917 B	T	1	7	4	3	1	4
251	 918 B	F	1	11	10	10	0	6
253	 925 B	V	0	7	2	0	1	1
253	 926 B	Y	0	12	5	0	5	0
253	 927 B	F	0	11	3	0	3	0
253	 928 B	Q	0	9	5	1	4	4
253	 929 B	V	1	7	3	0	3	0
253	 930 B	G	1	4	1	0	1	0
253	 931 B	L	1	8	4	3	1	0
253	 932 B	L	1	8	6	2	4	1
253	 933 B	T	1	7	0	0	0	0
253	 934 B	T	1	7	1	0	1	0
253	 935 B	I	1	8	2	2	1	0
253	 936 B	G	1	4	1	0	1	0
253	 937 B	L	1	8	3	0	3	0
253	 938 B	S	1	6	2	1	1	0
253	 939 B	A	1	5	1	1	0	0
253	 940 B	K	1	9	4	0	4	0
253	 941 B	N	1	8	4	0	4	0
253	 942 B	A	1	5	0	0	0	0
253	 943 B	I	1	8	4	0	4	0
253	 944 B	L	0	8	4	0	4	0
253	 945 B	I	0	8	2	0	2	0
253	 946 B	V	0	7	0	0	0	0
253	 947 B	E	0	9	3	0	0	3
253	 948 B	F	0	11	7	0	7	4
253	 949 B	A	0	5	4	0	4	0
253	 950 B	K	0	9	5	0	0	5
253	 951 B	D	0	8	7	0	0	7
253	 952 B	L	0	8	4	0	2	2
253	 953 B	M	0	8	5	0	2	3
253	 954 B	D	0	8	7	0	0	7
253	 955 B	K	0	9	7	0	0	7
255	 960 B	L	0	8	4	0	3	2
255	 961 B	I	0	8	4	0	0	4
255	 962 B	E	0	9	6	0	0	6
255	 963 B	A	0	5	3	0	3	0
255	 964 B	T	0	7	2	0	2	0
255	 965 B	L	0	8	3	0	0	3
255	 966 B	D	0	8	4	0	1	4
255	 967 B	A	0	5	1	0	1	0
255	 968 B	V	0	7	0	0	0	0
255	 969 B	R	0	11	8	0	0	8
255	 970 B	M	0	8	6	0	4	5
255	 971 B	R	0	11	7	0	7	0
255	 972 B	L	0	8	2	0	0	2
255	 973 B	R	0	11	8	0	1	8
255	 974 B	P	0	7	3	0	3	0
255	 975 B	I	1	8	2	0	2	0
255	 976 B	L	1	8	5	4	0	5
255	 977 B	M	1	8	5	0	5	0
255	 978 B	T	1	7	4	0	4	0
255	 979 B	S	1	6	2	1	2	0
255	 980 B	L	1	8	5	5	0	1
255	 981 B	A	1	5	1	0	1	0
255	 982 B	F	1	11	5	0	5	0
255	 983 B	I	1	8	5	3	4	0
255	 984 B	L	1	8	6	3	3	0
255	 985 B	G	1	4	2	0	2	0
255	 986 B	V	1	7	3	0	3	0
255	 987 B	M	1	8	7	5	2	0
255	 988 B	P	1	7	5	5	0	2
255	 989 B	L	1	8	6	2	5	2
255	 990 B	V	1	7	5	2	4	2
257	 997 B	S	0	6	3	0	0	3
257	 998 B	G	0	4	3	0	0	3
257	 999 B	A	0	5	1	0	1	0
257	1000 B	Q	0	9	6	2	4	3
257	1001 B	N	0	8	4	0	1	4
257	1002 B	A	0	5	1	0	1	0
257	1003 B	V	1	7	2	0	2	0
257	1004 B	G	1	4	2	0	2	0
257	1005 B	T	1	7	4	3	4	0
257	1006 B	G	1	4	2	0	2	0
257	1007 B	V	1	7	2	0	2	0
257	1008 B	M	1	8	4	4	4	0
257	1009 B	G	1	4	2	1	2	0
257	1010 B	G	1	4	3	0	3	0
257	1011 B	M	1	8	4	0	4	0
257	1012 B	V	1	7	3	3	1	0
257	1013 B	T	1	7	4	3	3	0
257	1014 B	A	1	5	1	0	1	0
257	1015 B	T	1	7	5	4	2	0
257	1016 B	V	1	7	5	5	0	1
261	   9 C	P	0	7	4	0	3	3
261	  10 C	I	0	8	3	0	1	2
261	  11 C	F	0	11	5	3	4	4
261	  12 C	A	0	5	3	0	3	0
261	  13 C	W	1	14	8	7	5	5
261	  14 C	V	1	7	3	1	3	0
261	  15 C	I	1	8	5	5	1	1
261	  16 C	A	1	5	1	0	1	0
261	  17 C	I	1	8	4	3	3	1
261	  18 C	I	1	8	5	4	1	0
261	  19 C	I	1	8	5	5	1	0
261	  20 C	M	1	8	7	5	6	0
261	  21 C	L	1	8	5	5	2	0
261	  22 C	A	1	5	3	3	0	0
261	  23 C	G	1	4	1	0	1	0
261	  24 C	G	1	4	3	3	0	0
261	  25 C	L	1	8	6	6	2	0
261	  26 C	A	1	5	4	4	1	1
261	  27 C	I	1	8	5	5	1	3
261	  28 C	L	0	8	7	5	0	7
314	 330 C	T	0	7	2	0	0	2
314	 331 C	P	0	7	5	0	0	5
314	 332 C	F	0	11	2	0	0	2
314	 333 C	V	0	7	1	0	0	1
314	 334 C	K	0	9	8	0	0	8
314	 335 C	I	0	8	4	0	0	4
314	 336 C	S	0	6	1	0	1	0
314	 337 C	I	0	8	4	0	1	3
314	 338 C	H	0	10	7	3	0	7
314	 339 C	E	0	9	6	3	1	6
314	 340 C	V	0	7	3	0	3	0
314	 341 C	V	1	7	3	3	1	3
314	 342 C	K	1	9	6	5	0	6
314	 343 C	T	1	7	3	1	3	1
314	 344 C	L	1	8	6	2	6	0
314	 345 C	V	1	7	3	3	0	0
314	 346 C	E	1	9	5	5	1	0
314	 347 C	A	1	5	1	0	1	0
314	 348 C	I	1	8	4	3	2	0
314	 349 C	I	1	8	4	4	0	0
314	 350 C	L	1	8	4	3	2	0
314	 351 C	V	1	7	3	0	3	0
314	 352 C	F	1	11	7	7	2	1
314	 353 C	L	1	8	5	5	0	1
314	 354 C	V	1	7	5	5	2	2
314	 355 C	M	1	8	5	0	5	0
314	 356 C	Y	1	12	8	2	6	4
314	 357 C	L	0	8	7	6	0	7
316	 362 C	F	0	11	8	7	5	6
316	 363 C	R	0	11	6	0	0	6
316	 364 C	A	0	5	1	0	0	1
316	 365 C	T	0	7	3	0	3	0
316	 366 C	L	1	8	3	3	0	1
316	 367 C	I	1	8	4	0	4	0
316	 368 C	P	1	7	2	0	2	0
316	 369 C	T	1	7	3	1	2	0
316	 370 C	I	1	8	4	4	2	1
316	 371 C	A	1	5	1	0	1	0
316	 372 C	V	1	7	1	1	1	0
316	 373 C	P	1	7	4	4	0	0
316	 374 C	V	1	7	4	1	4	0
316	 375 C	V	1	7	2	0	2	0
316	 376 C	L	1	8	4	2	4	0
316	 377 C	L	1	8	5	3	3	0
316	 378 C	G	1	4	3	2	2	0
316	 379 C	T	1	7	4	0	4	0
316	 380 C	F	1	11	7	2	7	1
316	 381 C	A	1	5	4	4	1	0
316	 382 C	V	1	7	4	4	3	0
316	 383 C	L	1	8	1	0	1	0
316	 384 C	A	1	5	4	4	1	4
316	 385 C	A	1	5	5	5	0	3
319	 392 C	T	0	7	2	0	2	0
319	 393 C	L	0	8	4	0	4	0
319	 394 C	T	1	7	2	0	2	0
319	 395 C	M	1	8	2	1	2	1
319	 396 C	F	1	11	6	0	6	0
319	 397 C	G	1	4	2	0	2	0
319	 398 C	M	1	8	5	0	5	0
319	 399 C	V	1	7	5	0	5	0
319	 400 C	L	1	8	1	0	1	0
319	 401 C	A	1	5	1	0	1	0
319	 402 C	I	1	8	3	0	3	0
319	 403 C	G	1	4	1	0	1	0
325	 461 C	G	0	4	3	0	1	2
325	 462 C	S	0	6	3	0	3	0
325	 463 C	T	0	7	3	0	3	0
325	 464 C	G	0	4	0	0	0	0
325	 465 C	A	0	5	2	0	0	2
325	 466 C	I	0	8	4	0	4	0
325	 467 C	Y	0	12	5	0	5	0
325	 468 C	R	0	11	6	2	0	6
325	 469 C	Q	0	9	4	0	3	1
325	 470 C	F	1	11	5	0	5	0
325	 471 C	S	1	6	2	2	0	0
325	 472 C	I	1	8	5	3	2	2
325	 473 C	T	1	7	3	0	3	0
325	 474 C	I	1	8	0	0	0	0
325	 475 C	V	1	7	3	3	0	0
325	 476 C	S	1	6	3	2	2	0
325	 477 C	A	1	5	3	0	3	0
325	 478 C	M	1	8	0	0	0	0
325	 479 C	A	1	5	3	3	0	0
325	 480 C	L	1	8	4	3	2	0
325	 481 C	S	1	6	0	0	0	0
325	 482 C	V	1	7	3	3	0	1
325	 483 C	L	1	8	4	4	0	1
325	 484 C	V	1	7	3	0	3	0
325	 485 C	A	1	5	0	0	0	0
325	 486 C	L	0	8	2	2	0	2
325	 487 C	I	0	8	3	2	1	2
325	 488 C	L	0	8	2	0	2	0
325	 489 C	T	0	7	2	0	2	0
325	 490 C	P	0	7	0	0	0	0
325	 491 C	A	0	5	1	0	1	0
325	 492 C	L	0	8	6	0	6	1
325	 493 C	C	0	6	0	0	0	0
325	 494 C	A	0	5	1	0	0	1
325	 495 C	T	0	7	6	0	1	6
329	 540 C	R	0	11	9	5	0	9
329	 541 C	Y	0	12	7	2	2	5
329	 542 C	L	1	8	4	4	0	4
329	 543 C	V	1	7	2	2	0	2
329	 544 C	L	1	8	4	4	2	2
329	 545 C	Y	1	12	6	3	3	2
329	 546 C	L	1	8	5	5	0	1
329	 547 C	I	1	8	6	6	0	0
329	 548 C	I	1	8	5	3	3	0
329	 549 C	V	1	7	3	3	1	0
329	 550 C	V	1	7	5	5	0	0
329	 551 C	G	1	4	2	1	1	0
329	 552 C	M	1	8	7	2	6	0
329	 553 C	A	1	5	4	4	0	0
329	 554 C	Y	1	12	9	9	0	5
329	 555 C	L	1	8	4	3	4	2
329	 556 C	F	1	11	9	8	3	4
329	 557 C	V	0	7	5	4	0	5
329	 558 C	R	0	11	9	6	0	9
374	 861 C	G	0	4	1	0	0	1
374	 862 C	M	0	8	3	0	0	3
374	 863 C	S	0	6	0	0	0	0
374	 864 C	Y	0	12	6	0	0	6
374	 865 C	Q	0	9	4	0	4	0
374	 866 C	E	0	9	3	0	0	3
374	 867 C	R	0	11	9	0	0	9
374	 868 C	L	0	8	5	0	2	4
374	 869 C	S	0	6	2	0	2	2
374	 870 C	G	0	4	4	0	0	4
374	 871 C	N	0	8	7	0	0	7
374	 872 C	Q	0	9	3	0	0	3
374	 873 C	A	0	5	1	1	1	1
374	 874 C	P	1	7	6	5	0	5
374	 875 C	S	1	6	3	3	0	3
374	 876 C	L	1	8	3	0	3	0
374	 877 C	Y	1	12	7	6	3	2
374	 878 C	A	1	5	4	4	0	1
374	 879 C	I	1	8	3	3	0	2
374	 880 C	S	1	6	2	0	2	0
374	 881 C	L	1	8	3	3	1	0
374	 882 C	I	1	8	5	5	0	0
374	 883 C	V	1	7	3	3	0	0
374	 884 C	V	1	7	0	0	0	0
374	 885 C	F	1	11	7	7	0	0
374	 886 C	L	1	8	6	5	4	0
374	 887 C	C	1	6	4	4	0	0
374	 888 C	L	1	8	1	0	1	0
374	 889 C	A	1	5	3	0	3	0
374	 890 C	A	1	5	4	2	4	1
374	 891 C	L	1	8	5	5	0	4
378	 905 C	V	1	7	3	2	3	0
378	 906 C	P	1	7	3	2	2	0
378	 907 C	L	1	8	5	0	5	0
378	 908 C	G	1	4	3	0	3	0
378	 909 C	V	1	7	4	2	3	0
378	 910 C	I	1	8	4	3	3	0
378	 911 C	G	1	4	4	2	3	0
378	 912 C	A	1	5	5	0	5	0
378	 913 C	L	1	8	4	0	4	0
378	 914 C	L	1	8	5	5	1	0
378	 915 C	A	1	5	4	3	3	0
378	 916 C	A	1	5	2	1	1	1
378	 917 C	T	1	7	5	4	3	3
378	 918 C	F	1	11	10	10	0	2
380	 925 C	V	0	7	2	0	2	0
380	 926 C	Y	0	12	8	0	8	0
380	 927 C	F	1	11	2	0	2	0
380	 928 C	Q	1	9	5	0	4	2
380	 929 C	V	1	7	2	0	2	0
380	 930 C	G	1	4	1	0	1	0
380	 931 C	L	1	8	4	3	3	0
380	 932 C	L	1	8	3	0	3	0
380	 933 C	T	1	7	2	0	2	0
380	 934 C	T	1	7	1	0	1	0
380	 935 C	I	1	8	3	2	2	0
380	 936 C	G	1	4	0	0	0	0
380	 937 C	L	1	8	4	0	4	0
380	 938 C	S	1	6	1	0	1	0
380	 939 C	A	1	5	0	0	0	0
380	 940 C	K	1	9	3	0	3	0
380	 941 C	N	1	8	3	0	3	0
380	 942 C	A	1	5	2	0	2	0
380	 943 C	I	0	8	2	0	2	0
380	 944 C	L	0	8	3	0	3	0
380	 945 C	I	0	8	4	0	4	0
380	 946 C	V	0	7	3	0	3	0
380	 947 C	E	0	9	4	0	0	4
380	 948 C	F	0	11	7	0	0	7
380	 949 C	A	0	5	1	0	1	0
380	 950 C	K	0	9	4	0	3	4
380	 951 C	D	0	8	4	0	0	4
380	 952 C	L	0	8	2	0	0	2
380	 953 C	M	0	8	4	0	2	3
380	 954 C	D	0	8	7	0	0	7
384	 972 C	L	0	8	3	0	1	2
384	 973 C	R	0	11	6	0	0	6
384	 974 C	P	0	7	0	0	0	0
384	 975 C	I	0	8	4	0	4	0
384	 976 C	L	1	8	3	2	0	3
384	 977 C	M	1	8	0	0	0	0
384	 978 C	T	1	7	1	0	1	0
384	 979 C	S	1	6	3	0	3	0
384	 980 C	L	1	8	4	3	1	2
384	 981 C	A	1	5	2	0	2	0
384	 982 C	F	1	11	7	0	7	0
384	 983 C	I	1	8	4	2	4	0
384	 984 C	L	1	8	5	3	4	0
384	 985 C	G	1	4	1	0	1	0
384	 986 C	V	1	7	2	0	2	0
384	 987 C	M	1	8	4	3	3	0
384	 988 C	P	1	7	4	4	2	1
384	 989 C	L	1	8	5	0	5	0
384	 990 C	V	1	7	4	3	2	2
386	 997 C	S	0	6	2	0	0	2
386	 998 C	G	0	4	2	0	0	2
386	 999 C	A	0	5	2	0	2	0
386	1000 C	Q	0	9	6	0	6	0
386	1001 C	N	0	8	3	1	1	2
386	1002 C	A	0	5	2	0	2	0
386	1003 C	V	1	7	3	0	3	0
386	1004 C	G	1	4	2	0	2	0
386	1005 C	T	1	7	6	3	5	0
386	1006 C	G	1	4	2	0	2	0
386	1007 C	V	1	7	3	0	3	0
386	1008 C	M	1	8	4	3	3	0
386	1009 C	G	1	4	4	3	2	0
386	1010 C	G	1	4	1	0	1	0
386	1011 C	M	1	8	4	0	4	0
386	1012 C	V	1	7	3	3	1	0
386	1013 C	T	1	7	3	1	3	0
386	1014 C	A	1	5	2	0	2	0
386	1015 C	T	1	7	3	2	2	1
386	1016 C	V	1	7	5	5	0	5
386	1017 C	L	1	8	6	4	4	1
386	1018 C	A	1	5	2	0	2	0
386	1019 C	I	0	8	3	1	3	1
386	1020 C	F	0	11	7	3	0	7
386	1021 C	F	0	11	6	1	5	1
386	1022 C	V	0	7	3	0	3	0
386	1023 C	P	0	7	1	0	1	0
386	1024 C	V	0	7	3	0	0	3
386	1025 C	F	0	11	4	2	3	2
386	1026 C	F	0	11	4	0	4	0
386	1027 C	V	0	7	2	0	0	2
386	1028 C	V	0	7	5	2	0	5
386	1029 C	V	0	7	3	2	0	3
386	1030 C	R	0	11	7	0	2	7
