H-Nr	AAId	AA	I/A	ges	Kont	Memb	Hel	H2O
2	  28 A	A	0	5	4	0	0	4
2	  29 A	V	0	7	4	0	0	4
2	  30 A	N	0	8	5	0	0	5
2	  31 A	I	0	8	4	1	0	4
2	  32 A	V	0	7	3	0	0	3
2	  33 A	A	0	5	2	1	0	2
2	  34 A	A	0	5	1	1	1	1
2	  35 A	L	0	8	4	3	0	4
2	  36 A	A	0	5	2	2	0	2
2	  37 A	I	1	8	4	3	3	2
2	  38 A	I	1	8	5	3	3	2
2	  39 A	I	1	8	4	4	0	4
2	  40 A	V	1	7	3	3	0	1
2	  41 A	G	1	4	1	1	1	0
2	  42 A	L	1	8	5	5	1	0
2	  43 A	I	1	8	4	4	0	0
2	  44 A	I	1	8	4	3	2	0
2	  45 A	A	1	5	3	0	3	0
2	  46 A	R	1	11	9	9	3	0
2	  47 A	M	1	8	7	7	0	0
2	  48 A	I	1	8	5	5	4	0
2	  49 A	S	1	6	3	3	2	0
2	  50 A	N	1	8	5	5	0	0
2	  51 A	A	1	5	1	1	0	0
2	  52 A	V	1	7	3	3	2	1
2	  53 A	N	1	8	5	5	1	5
2	  54 A	R	1	11	10	10	0	4
2	  55 A	L	1	8	6	5	0	4
2	  56 A	M	0	8	4	1	2	2
2	  57 A	I	0	8	5	2	0	5
2	  58 A	S	0	6	5	1	0	5
2	  59 A	R	0	11	10	0	0	10
4	  63 A	A	0	5	4	0	0	4
4	  64 A	T	0	7	4	0	0	4
4	  65 A	V	0	7	4	0	0	4
4	  66 A	A	0	5	2	0	2	0
4	  67 A	D	0	8	7	5	0	7
4	  68 A	F	0	11	8	4	0	8
4	  69 A	L	0	8	5	3	0	5
4	  70 A	S	1	6	2	1	2	0
4	  71 A	A	1	5	1	1	0	1
4	  72 A	L	1	8	7	6	0	6
4	  73 A	V	1	7	5	5	1	2
4	  74 A	R	1	11	6	4	3	0
4	  75 A	Y	1	12	8	8	0	2
4	  76 A	G	1	4	4	4	0	0
4	  77 A	I	1	8	5	4	3	0
4	  78 A	I	1	8	4	3	2	0
4	  79 A	A	1	5	1	1	0	0
4	  80 A	F	1	11	6	3	5	0
4	  81 A	T	1	7	3	3	3	0
4	  82 A	L	1	8	4	4	0	0
4	  83 A	I	1	8	2	2	2	0
4	  84 A	A	1	5	1	0	0	1
4	  85 A	A	1	5	1	1	1	0
4	  86 A	L	1	8	3	3	0	0
4	  87 A	G	1	4	3	0	0	3
4	  88 A	R	1	11	8	1	2	7
6	  94 A	A	1	5	5	0	2	4
6	  95 A	S	1	6	4	1	4	0
6	  96 A	V	1	7	4	3	1	0
6	  97 A	I	1	8	5	0	2	4
6	  98 A	A	1	5	3	0	1	3
6	  99 A	V	1	7	4	4	1	3
6	 100 A	L	1	8	4	4	0	3
6	 101 A	G	1	4	3	1	0	3
6	 102 A	A	0	5	4	1	1	4
6	 103 A	A	0	5	4	1	0	4
6	 104 A	G	0	4	4	2	3	3
6	 105 A	L	0	8	4	0	3	4
6	 106 A	A	0	5	1	0	1	1
6	 107 A	V	0	7	3	0	0	3
6	 108 A	G	0	4	2	0	2	1
6	 109 A	L	0	8	5	0	4	3
6	 110 A	A	0	5	2	0	1	2
6	 111 A	L	0	8	3	0	1	3
6	 112 A	Q	0	9	5	0	2	4
6	 113 A	G	0	4	4	0	0	4
6	 114 A	S	0	6	4	0	3	3
6	 115 A	L	0	8	5	0	4	3
6	 116 A	S	0	6	5	0	2	3
6	 117 A	N	0	8	3	0	0	3
6	 118 A	L	0	8	4	0	0	4
6	 119 A	A	0	5	3	0	1	3
6	 120 A	A	0	5	3	0	0	3
6	 121 A	G	0	4	1	0	0	1
6	 122 A	V	0	7	5	0	1	5
6	 123 A	L	0	8	5	0	1	5
6	 124 A	L	0	8	1	0	0	1
6	 125 A	V	0	7	3	0	0	3
6	 126 A	M	0	8	5	0	4	3
6	 127 A	F	0	11	9	0	0	9
31	  28 B	A	0	5	4	0	0	4
31	  29 B	V	0	7	4	0	0	4
31	  30 B	N	0	8	4	0	1	4
31	  31 B	I	0	8	4	2	0	4
31	  32 B	V	0	7	3	0	0	3
31	  33 B	A	0	5	2	2	1	2
31	  34 B	A	1	5	1	1	0	1
31	  35 B	L	1	8	4	4	0	4
31	  36 B	A	1	5	2	2	0	2
31	  37 B	I	1	8	6	4	4	2
31	  38 B	I	1	8	5	3	3	1
31	  39 B	I	1	8	4	4	0	2
31	  40 B	V	1	7	3	3	0	1
31	  41 B	G	1	4	1	1	1	0
31	  42 B	L	1	8	5	5	1	0
31	  43 B	I	1	8	4	4	0	0
31	  44 B	I	1	8	4	3	2	0
31	  45 B	A	1	5	2	0	2	0
31	  46 B	R	1	11	9	9	3	0
31	  47 B	M	1	8	7	7	0	0
31	  48 B	I	1	8	5	5	4	0
31	  49 B	S	1	6	4	3	3	2
31	  50 B	N	1	8	5	5	0	2
31	  51 B	A	1	5	1	1	0	1
31	  52 B	V	0	7	3	3	2	3
31	  53 B	N	0	8	5	3	1	5
31	  54 B	R	0	11	10	9	0	6
31	  55 B	L	0	8	6	2	0	6
31	  56 B	M	0	8	3	0	2	1
31	  57 B	I	0	8	5	1	0	5
31	  58 B	S	0	6	5	1	0	5
31	  59 B	R	0	11	10	0	0	10
33	  63 B	A	0	5	4	0	0	4
33	  64 B	T	0	7	4	0	0	4
33	  65 B	V	0	7	4	0	3	3
33	  66 B	A	0	5	2	0	2	0
33	  67 B	D	0	8	7	0	0	7
33	  68 B	F	0	11	8	0	0	8
33	  69 B	L	0	8	5	2	1	5
33	  70 B	S	0	6	2	1	2	1
33	  71 B	A	0	5	1	1	0	1
33	  72 B	L	0	8	6	5	0	6
33	  73 B	V	1	7	5	5	1	1
33	  74 B	R	1	11	6	4	3	1
33	  75 B	Y	1	12	7	7	0	4
33	  76 B	G	1	4	4	4	0	1
33	  77 B	I	1	8	5	4	3	0
33	  78 B	I	1	8	4	3	2	0
33	  79 B	A	1	5	1	1	0	0
33	  80 B	F	1	11	5	4	2	0
33	  81 B	T	1	7	3	3	3	0
33	  82 B	L	1	8	4	4	0	0
33	  83 B	I	1	8	5	3	4	0
33	  84 B	A	1	5	0	0	0	0
33	  85 B	A	1	5	1	1	1	0
33	  86 B	L	1	8	3	3	1	1
33	  87 B	G	1	4	3	0	0	3
33	  88 B	R	1	11	9	2	4	8
35	  94 B	A	1	5	5	0	2	4
35	  95 B	S	1	6	4	1	4	0
35	  96 B	V	1	7	4	3	2	0
35	  97 B	I	1	8	4	0	3	3
35	  98 B	A	1	5	4	3	0	4
35	  99 B	V	1	7	5	5	0	5
35	 100 B	L	1	8	4	4	2	2
35	 101 B	G	1	4	3	0	0	3
35	 102 B	A	0	5	4	1	1	4
35	 103 B	A	0	5	4	1	0	4
35	 104 B	G	0	4	4	2	0	4
35	 105 B	L	0	8	6	0	6	3
35	 106 B	A	0	5	4	0	4	1
35	 107 B	V	0	7	3	0	0	3
35	 108 B	G	0	4	2	0	2	1
35	 109 B	L	0	8	5	0	4	2
35	 110 B	A	0	5	2	0	1	2
35	 111 B	L	0	8	4	0	1	4
35	 112 B	Q	0	9	4	0	1	4
35	 113 B	G	0	4	4	0	0	4
35	 114 B	S	0	6	3	0	2	3
35	 115 B	L	0	8	5	0	2	5
35	 116 B	S	0	6	5	0	3	3
35	 117 B	N	0	8	3	0	0	3
35	 118 B	L	0	8	4	0	0	4
35	 119 B	A	0	5	3	0	1	3
35	 120 B	A	0	5	1	0	0	1
35	 121 B	G	0	4	2	0	0	2
35	 122 B	V	0	7	5	0	0	5
35	 123 B	L	0	8	5	0	1	5
35	 124 B	L	0	8	2	0	0	2
35	 125 B	V	0	7	4	0	0	4
35	 126 B	M	0	8	5	0	3	4
35	 127 B	F	0	11	9	0	0	9
60	  28 C	A	0	5	3	0	0	3
60	  29 C	V	0	7	4	0	0	4
60	  30 C	N	0	8	5	0	0	5
60	  31 C	I	0	8	4	2	0	4
60	  32 C	V	0	7	3	1	0	3
60	  33 C	A	0	5	2	2	1	2
60	  34 C	A	1	5	1	1	1	0
60	  35 C	L	1	8	4	4	0	4
60	  36 C	A	1	5	3	3	0	2
60	  37 C	I	1	8	5	2	4	1
60	  38 C	I	1	8	5	3	3	0
60	  39 C	I	1	8	4	4	0	1
60	  40 C	V	1	7	3	3	0	1
60	  41 C	G	1	4	1	1	1	0
60	  42 C	L	1	8	5	5	1	0
60	  43 C	I	1	8	4	4	0	0
60	  44 C	I	1	8	4	3	2	0
60	  45 C	A	1	5	1	0	1	0
60	  46 C	R	1	11	9	9	3	0
60	  47 C	M	1	8	7	7	0	0
60	  48 C	I	1	8	5	5	4	0
60	  49 C	S	1	6	3	2	3	1
60	  50 C	N	1	8	5	5	0	2
60	  51 C	A	1	5	1	1	0	1
60	  52 C	V	0	7	3	3	2	3
60	  53 C	N	0	8	5	3	1	5
60	  54 C	R	0	11	10	8	0	6
60	  55 C	L	0	8	6	3	0	6
60	  56 C	M	0	8	4	0	3	2
60	  57 C	I	0	8	5	1	0	5
60	  58 C	S	0	6	5	0	0	5
62	  63 C	A	0	5	4	0	0	4
62	  64 C	T	0	7	4	0	0	4
62	  65 C	V	0	7	4	0	3	4
62	  66 C	A	0	5	2	0	2	1
62	  67 C	D	0	8	7	0	0	7
62	  68 C	F	0	11	8	0	0	8
62	  69 C	L	0	8	5	0	1	5
62	  70 C	S	0	6	2	1	2	1
62	  71 C	A	0	5	1	1	0	1
62	  72 C	L	0	8	7	4	0	7
62	  73 C	V	1	7	5	5	1	4
62	  74 C	R	1	11	6	3	3	1
62	  75 C	Y	1	12	8	8	0	4
62	  76 C	G	1	4	4	4	0	1
62	  77 C	I	1	8	5	4	3	0
62	  78 C	I	1	8	4	3	2	0
62	  79 C	A	1	5	1	1	0	0
62	  80 C	F	1	11	7	4	5	0
62	  81 C	T	1	7	3	3	3	0
62	  82 C	L	1	8	4	4	0	0
62	  83 C	I	1	8	4	3	3	0
62	  84 C	A	1	5	0	0	0	0
62	  85 C	A	1	5	1	1	1	0
62	  86 C	L	1	8	3	3	0	1
62	  87 C	G	1	4	3	0	0	3
62	  88 C	R	1	11	8	0	3	6
62	  89 C	V	1	7	5	4	1	5
64	  94 C	A	1	5	5	0	2	4
64	  95 C	S	1	6	4	1	4	0
64	  96 C	V	1	7	4	3	1	0
64	  97 C	I	1	8	5	0	3	4
64	  98 C	A	1	5	3	0	1	3
64	  99 C	V	1	7	4	4	1	3
64	 100 C	L	1	8	4	4	2	2
64	 101 C	G	1	4	3	0	0	3
64	 102 C	A	0	5	3	1	1	3
64	 103 C	A	0	5	4	1	0	4
64	 104 C	G	0	4	4	1	1	3
64	 105 C	L	0	8	4	0	3	4
64	 106 C	A	0	5	1	0	1	1
64	 107 C	V	0	7	3	0	1	3
64	 108 C	G	0	4	1	0	1	1
64	 109 C	L	0	8	5	0	3	5
64	 110 C	A	0	5	4	0	3	2
64	 111 C	L	0	8	3	0	1	3
64	 112 C	Q	0	9	5	0	2	4
64	 113 C	G	0	4	4	0	0	4
64	 114 C	S	0	6	3	0	2	3
64	 115 C	L	0	8	6	0	4	5
64	 116 C	S	0	6	5	0	2	3
64	 117 C	N	0	8	4	0	0	4
64	 118 C	L	0	8	3	0	0	3
64	 119 C	A	0	5	3	0	1	3
64	 120 C	A	0	5	1	0	0	1
64	 121 C	G	0	4	1	0	0	1
64	 122 C	V	0	7	5	0	0	5
64	 123 C	L	0	8	5	0	2	5
64	 124 C	L	0	8	2	0	0	2
64	 125 C	V	0	7	4	0	0	4
64	 126 C	M	0	8	6	0	0	6
64	 127 C	F	0	11	10	0	0	10
89	  28 D	A	0	5	4	0	0	4
89	  29 D	V	0	7	4	0	0	4
89	  30 D	N	0	8	4	0	1	4
89	  31 D	I	0	8	4	0	0	4
89	  32 D	V	0	7	3	0	0	3
89	  33 D	A	0	5	2	2	1	2
89	  34 D	A	0	5	1	1	1	1
89	  35 D	L	1	8	4	2	0	4
89	  36 D	A	1	5	3	2	0	3
89	  37 D	I	1	8	6	4	4	2
89	  38 D	I	1	8	5	3	3	1
89	  39 D	I	1	8	4	4	0	3
89	  40 D	V	1	7	3	3	0	1
89	  41 D	G	1	4	1	1	1	0
89	  42 D	L	1	8	5	5	1	0
89	  43 D	I	1	8	4	4	0	0
89	  44 D	I	1	8	4	3	2	0
89	  45 D	A	1	5	2	0	2	0
89	  46 D	R	1	11	9	9	3	0
89	  47 D	M	1	8	7	7	0	0
89	  48 D	I	1	8	5	5	4	0
89	  49 D	S	1	6	4	3	3	1
89	  50 D	N	1	8	5	5	0	0
89	  51 D	A	1	5	1	1	0	0
89	  52 D	V	1	7	3	3	2	3
89	  53 D	N	1	8	5	3	1	5
89	  54 D	R	1	11	10	10	0	4
89	  55 D	L	0	8	6	5	0	6
89	  56 D	M	0	8	4	0	2	2
89	  57 D	I	0	8	5	2	0	5
89	  58 D	S	0	6	5	1	0	5
91	  63 D	A	0	5	4	0	0	4
91	  64 D	T	0	7	4	0	0	4
91	  65 D	V	0	7	4	0	0	4
91	  66 D	A	0	5	2	0	2	0
91	  67 D	D	0	8	7	2	0	7
91	  68 D	F	0	11	8	0	0	8
91	  69 D	L	0	8	5	2	1	5
91	  70 D	S	0	6	2	1	2	1
91	  71 D	A	1	5	1	1	0	1
91	  72 D	L	1	8	7	5	0	6
91	  73 D	V	1	7	5	5	1	1
91	  74 D	R	1	11	6	3	3	1
91	  75 D	Y	1	12	7	7	0	4
91	  76 D	G	1	4	4	4	0	1
91	  77 D	I	1	8	5	4	3	0
91	  78 D	I	1	8	4	3	2	0
91	  79 D	A	1	5	2	2	0	0
91	  80 D	F	1	11	6	5	2	0
91	  81 D	T	1	7	3	3	3	0
91	  82 D	L	1	8	4	4	0	0
91	  83 D	I	1	8	4	2	4	0
91	  84 D	A	1	5	3	0	0	3
91	  85 D	A	1	5	2	2	1	1
91	  86 D	L	1	8	4	4	1	2
91	  87 D	G	1	4	3	0	0	3
91	  88 D	R	1	11	10	3	4	9
91	  89 D	V	0	7	6	3	2	6
93	  94 D	A	1	5	5	0	2	4
93	  95 D	S	1	6	4	1	4	0
93	  96 D	V	1	7	4	3	3	0
93	  97 D	I	1	8	5	0	2	4
93	  98 D	A	1	5	3	0	1	3
93	  99 D	V	1	7	4	4	1	4
93	 100 D	L	1	8	4	4	0	2
93	 101 D	G	1	4	3	0	0	3
93	 102 D	A	0	5	4	1	1	4
93	 103 D	A	0	5	5	1	0	5
93	 104 D	G	0	4	4	2	2	3
93	 105 D	L	0	8	4	0	3	4
93	 106 D	A	0	5	1	0	1	1
93	 107 D	V	0	7	3	0	0	3
93	 108 D	G	0	4	2	0	1	2
93	 109 D	L	0	8	5	0	4	4
93	 110 D	A	0	5	2	0	1	2
93	 111 D	L	0	8	3	0	1	3
93	 112 D	Q	0	9	5	0	2	4
93	 113 D	G	0	4	4	0	0	4
93	 114 D	S	0	6	3	0	2	3
93	 115 D	L	0	8	6	0	4	5
93	 116 D	S	0	6	5	0	2	3
93	 117 D	N	0	8	4	0	0	4
93	 118 D	L	0	8	3	0	0	3
93	 119 D	A	0	5	3	0	1	3
93	 120 D	A	0	5	1	0	0	1
93	 121 D	G	0	4	1	0	0	1
93	 122 D	V	0	7	4	0	0	4
93	 123 D	L	0	8	5	0	1	5
93	 124 D	L	0	8	1	0	0	1
93	 125 D	V	0	7	4	0	0	4
93	 126 D	M	0	8	6	0	0	6
93	 127 D	F	0	11	10	0	0	10
118	  28 E	A	0	5	4	0	0	4
118	  29 E	V	0	7	4	0	0	4
118	  30 E	N	0	8	5	0	0	5
118	  31 E	I	0	8	4	0	0	4
118	  32 E	V	0	7	3	0	0	3
118	  33 E	A	0	5	2	1	1	2
118	  34 E	A	0	5	1	1	1	1
118	  35 E	L	0	8	4	2	0	4
118	  36 E	A	0	5	3	2	0	3
118	  37 E	I	1	8	6	4	4	2
118	  38 E	I	1	8	5	3	3	2
118	  39 E	I	1	8	4	4	0	3
118	  40 E	V	1	7	3	3	0	1
118	  41 E	G	1	4	1	1	1	0
118	  42 E	L	1	8	5	5	1	0
118	  43 E	I	1	8	4	4	0	0
118	  44 E	I	1	8	4	3	2	0
118	  45 E	A	1	5	2	0	2	0
118	  46 E	R	1	11	9	9	2	0
118	  47 E	M	1	8	7	7	0	0
118	  48 E	I	1	8	5	5	4	0
118	  49 E	S	1	6	4	3	3	0
118	  50 E	N	1	8	5	5	0	0
118	  51 E	A	1	5	1	1	0	0
118	  52 E	V	1	7	3	3	2	1
118	  53 E	N	1	8	5	5	1	5
118	  54 E	R	1	11	10	10	0	5
118	  55 E	L	0	8	6	5	0	6
118	  56 E	M	0	8	4	1	3	2
118	  57 E	I	0	8	5	2	0	5
118	  58 E	S	0	6	5	1	0	5
120	  63 E	A	0	5	4	0	0	4
120	  64 E	T	0	7	4	0	0	4
120	  65 E	V	0	7	4	0	0	4
120	  66 E	A	0	5	2	0	2	0
120	  67 E	D	0	8	7	4	0	7
120	  68 E	F	0	11	8	3	0	8
120	  69 E	L	0	8	5	3	2	5
120	  70 E	S	1	6	2	1	2	0
120	  71 E	A	1	5	1	1	0	1
120	  72 E	L	1	8	7	7	0	7
120	  73 E	V	1	7	5	5	1	1
120	  74 E	R	1	11	6	4	3	0
120	  75 E	Y	1	12	8	8	0	2
120	  76 E	G	1	4	4	4	0	1
120	  77 E	I	1	8	5	4	3	0
120	  78 E	I	1	8	4	4	2	0
120	  79 E	A	1	5	2	2	0	0
120	  80 E	F	1	11	6	5	1	0
120	  81 E	T	1	7	3	3	3	0
120	  82 E	L	1	8	4	4	0	0
120	  83 E	I	1	8	4	2	4	0
120	  84 E	A	1	5	2	0	0	2
120	  85 E	A	1	5	1	1	1	1
120	  86 E	L	1	8	3	3	0	1
120	  87 E	G	1	4	3	0	0	3
120	  88 E	R	1	11	10	2	3	9
120	  89 E	V	0	7	4	3	1	4
122	  94 E	A	1	5	5	0	2	4
122	  95 E	S	1	6	4	1	4	0
122	  96 E	V	1	7	4	3	1	0
122	  97 E	I	1	8	5	0	2	4
122	  98 E	A	1	5	3	0	0	3
122	  99 E	V	1	7	4	4	0	4
122	 100 E	L	1	8	4	4	1	3
122	 101 E	G	1	4	3	0	0	3
122	 102 E	A	0	5	4	1	1	4
122	 103 E	A	0	5	5	1	0	5
122	 104 E	G	0	4	4	2	2	3
122	 105 E	L	0	8	5	0	4	4
122	 106 E	A	0	5	2	0	2	1
122	 107 E	V	0	7	3	0	0	3
122	 108 E	G	0	4	1	0	1	1
122	 109 E	L	0	8	5	0	4	3
122	 110 E	A	0	5	2	0	1	2
122	 111 E	L	0	8	3	0	1	3
122	 112 E	Q	0	9	4	0	2	4
122	 113 E	G	0	4	4	0	0	4
122	 114 E	S	0	6	3	0	2	3
122	 115 E	L	0	8	5	0	3	5
122	 116 E	S	0	6	4	0	1	3
122	 117 E	N	0	8	4	0	0	4
122	 118 E	L	0	8	4	0	0	4
122	 119 E	A	0	5	3	0	1	3
122	 120 E	A	0	5	1	0	0	1
122	 121 E	G	0	4	1	0	0	1
122	 122 E	V	0	7	5	0	0	5
122	 123 E	L	0	8	5	0	1	5
122	 124 E	L	0	8	1	0	0	1
122	 125 E	V	0	7	4	0	0	4
122	 126 E	M	0	8	6	0	0	6
122	 127 E	F	0	11	10	0	0	10
147	  28 F	A	0	5	4	0	0	4
147	  29 F	V	0	7	4	0	0	4
147	  30 F	N	0	8	5	0	1	5
147	  31 F	I	0	8	4	2	0	4
147	  32 F	V	0	7	3	0	0	3
147	  33 F	A	0	5	2	1	0	2
147	  34 F	A	0	5	1	1	1	1
147	  35 F	L	0	8	4	2	0	4
147	  36 F	A	0	5	3	2	0	3
147	  37 F	I	1	8	6	4	4	2
147	  38 F	I	1	8	5	3	3	2
147	  39 F	I	1	8	4	4	0	4
147	  40 F	V	1	7	3	3	0	1
147	  41 F	G	1	4	1	1	1	0
147	  42 F	L	1	8	5	5	1	1
147	  43 F	I	1	8	4	4	0	0
147	  44 F	I	1	8	4	3	2	0
147	  45 F	A	1	5	4	0	4	0
147	  46 F	R	1	11	9	9	2	0
147	  47 F	M	1	8	7	7	0	0
147	  48 F	I	1	8	5	5	4	0
147	  49 F	S	1	6	4	3	3	0
147	  50 F	N	1	8	5	5	0	0
147	  51 F	A	1	5	1	1	0	0
147	  52 F	V	1	7	3	3	2	1
147	  53 F	N	1	8	5	5	1	2
147	  54 F	R	1	11	9	9	0	0
147	  55 F	L	1	8	6	6	0	2
147	  56 F	M	1	8	4	1	2	2
147	  57 F	I	1	8	5	5	0	4
147	  58 F	S	1	6	5	5	0	5
149	  63 F	A	0	5	4	2	0	4
149	  64 F	T	0	7	4	0	0	4
149	  65 F	V	0	7	4	0	0	4
149	  66 F	A	0	5	2	0	2	0
149	  67 F	D	0	8	7	7	0	7
149	  68 F	F	0	11	8	4	0	8
149	  69 F	L	0	8	5	3	0	5
149	  70 F	S	1	6	4	1	4	1
149	  71 F	A	1	5	1	1	0	1
149	  72 F	L	1	8	6	6	0	4
149	  73 F	V	1	7	5	5	1	1
149	  74 F	R	1	11	6	4	3	0
149	  75 F	Y	1	12	9	9	0	0
149	  76 F	G	1	4	4	4	0	0
149	  77 F	I	1	8	6	5	3	0
149	  78 F	I	1	8	4	3	2	0
149	  79 F	A	1	5	2	2	0	0
149	  80 F	F	1	11	6	6	2	0
149	  81 F	T	1	7	3	3	3	0
149	  82 F	L	1	8	6	6	0	0
149	  83 F	I	1	8	4	4	1	0
149	  84 F	A	1	5	1	0	0	1
149	  85 F	A	1	5	1	1	1	1
149	  86 F	L	1	8	3	3	0	1
149	  87 F	G	1	4	3	0	0	3
149	  88 F	R	1	11	10	2	3	10
149	  89 F	V	0	7	5	3	1	5
151	  94 F	A	1	5	5	0	2	4
151	  95 F	S	1	6	4	1	4	0
151	  96 F	V	1	7	4	4	0	0
151	  97 F	I	1	8	5	0	3	4
151	  98 F	A	1	5	3	0	0	3
151	  99 F	V	1	7	4	4	0	4
151	 100 F	L	1	8	4	4	1	3
151	 101 F	G	1	4	3	0	0	3
151	 102 F	A	0	5	4	1	1	4
151	 103 F	A	0	5	5	1	0	5
151	 104 F	G	0	4	3	2	0	3
151	 105 F	L	0	8	5	0	4	4
151	 106 F	A	0	5	1	0	1	1
151	 107 F	V	0	7	3	0	0	3
151	 108 F	G	0	4	1	0	1	1
151	 109 F	L	0	8	4	0	3	3
151	 110 F	A	0	5	3	0	2	3
151	 111 F	L	0	8	4	0	1	4
151	 112 F	Q	0	9	4	0	2	4
151	 113 F	G	0	4	4	0	0	4
151	 114 F	S	0	6	3	0	2	3
151	 115 F	L	0	8	5	0	1	5
151	 116 F	S	0	6	5	0	3	3
151	 117 F	N	0	8	4	0	0	4
151	 118 F	L	0	8	4	0	0	4
151	 119 F	A	0	5	3	0	1	3
151	 120 F	A	0	5	1	0	0	1
151	 121 F	G	0	4	1	0	0	1
151	 122 F	V	0	7	5	0	1	5
151	 123 F	L	0	8	5	0	1	5
151	 124 F	L	0	8	2	0	0	2
151	 125 F	V	0	7	4	0	0	4
151	 126 F	M	0	8	4	0	0	4
151	 127 F	F	0	11	9	0	0	9
176	  28 G	A	0	5	4	0	0	4
176	  29 G	V	0	7	4	0	0	4
176	  30 G	N	0	8	5	0	1	5
176	  31 G	I	0	8	4	2	0	4
176	  32 G	V	0	7	3	1	0	3
176	  33 G	A	0	5	2	2	0	2
176	  34 G	A	1	5	1	1	0	1
176	  35 G	L	1	8	4	4	0	4
176	  36 G	A	1	5	2	2	0	1
176	  37 G	I	1	8	6	4	3	2
176	  38 G	I	1	8	5	3	3	0
176	  39 G	I	1	8	4	4	0	0
176	  40 G	V	1	7	3	3	0	0
176	  41 G	G	1	4	1	1	1	0
176	  42 G	L	1	8	5	5	1	0
176	  43 G	I	1	8	4	4	0	0
176	  44 G	I	1	8	4	3	2	0
176	  45 G	A	1	5	1	0	1	0
176	  46 G	R	1	11	9	9	3	0
176	  47 G	M	1	8	7	7	0	0
176	  48 G	I	1	8	5	5	4	1
176	  49 G	S	1	6	3	3	2	2
176	  50 G	N	1	8	5	5	0	2
176	  51 G	A	1	5	1	1	0	1
176	  52 G	V	0	7	3	1	2	3
176	  53 G	N	0	8	5	2	1	5
176	  54 G	R	0	11	10	6	0	7
176	  55 G	L	0	8	6	1	0	6
176	  56 G	M	0	8	4	0	2	2
176	  57 G	I	0	8	5	0	0	5
176	  58 G	S	0	6	5	0	0	5
178	  63 G	A	0	5	5	0	0	5
178	  64 G	T	0	7	4	0	0	4
178	  65 G	V	0	7	4	0	2	4
178	  66 G	A	0	5	2	0	2	0
178	  67 G	D	0	8	7	0	0	7
178	  68 G	F	0	11	8	0	0	8
178	  69 G	L	0	8	5	0	0	5
178	  70 G	S	0	6	2	1	2	1
178	  71 G	A	0	5	2	2	0	2
178	  72 G	L	0	8	6	4	0	6
178	  73 G	V	1	7	5	5	1	3
178	  74 G	R	1	11	6	4	3	1
178	  75 G	Y	1	12	8	8	0	4
178	  76 G	G	1	4	4	4	0	1
178	  77 G	I	1	8	5	4	3	0
178	  78 G	I	1	8	4	3	2	0
178	  79 G	A	1	5	1	1	0	0
178	  80 G	F	1	11	5	4	1	0
178	  81 G	T	1	7	3	3	3	0
178	  82 G	L	1	8	4	4	0	0
178	  83 G	I	1	8	4	1	4	0
178	  84 G	A	1	5	0	0	0	0
178	  85 G	A	1	5	1	1	1	0
178	  86 G	L	1	8	3	3	2	1
178	  87 G	G	1	4	3	0	0	3
178	  88 G	R	1	11	8	0	2	8
178	  89 G	V	0	7	6	4	0	6
180	  94 G	A	1	5	5	0	2	4
180	  95 G	S	1	6	4	1	4	0
180	  96 G	V	1	7	4	3	3	0
180	  97 G	I	1	8	5	0	3	4
180	  98 G	A	1	5	3	0	1	3
180	  99 G	V	1	7	4	4	0	4
180	 100 G	L	1	8	4	4	2	3
180	 101 G	G	1	4	3	0	0	3
180	 102 G	A	0	5	4	1	1	4
180	 103 G	A	0	5	5	1	0	5
180	 104 G	G	0	4	4	2	1	3
180	 105 G	L	0	8	5	0	4	4
180	 106 G	A	0	5	1	0	1	1
180	 107 G	V	0	7	3	0	0	3
180	 108 G	G	0	4	1	0	1	1
180	 109 G	L	0	8	5	0	3	4
180	 110 G	A	0	5	4	0	3	3
180	 111 G	L	0	8	3	0	1	3
180	 112 G	Q	0	9	4	0	2	4
180	 113 G	G	0	4	4	0	0	4
180	 114 G	S	0	6	3	0	2	3
180	 115 G	L	0	8	6	0	4	5
180	 116 G	S	0	6	5	0	3	3
180	 117 G	N	0	8	3	0	0	3
180	 118 G	L	0	8	4	0	0	4
180	 119 G	A	0	5	3	0	1	3
180	 120 G	A	0	5	1	0	0	1
180	 121 G	G	0	4	2	0	0	2
180	 122 G	V	0	7	5	0	0	5
180	 123 G	L	0	8	6	0	2	6
180	 124 G	L	0	8	1	0	0	1
180	 125 G	V	0	7	4	0	0	4
180	 126 G	M	0	8	6	0	0	6
180	 127 G	F	0	11	10	0	0	10
