H-Nr	AAId	AA	I/A	ges	Kont	Memb	Hel	H2O
37	 278 A	P	1	7	3	3	3	1
37	 279 A	V	1	7	3	3	0	2
37	 280 A	A	1	5	3	1	0	3
37	 281 A	L	1	8	4	0	1	4
37	 282 A	W	1	14	11	4	8	1
37	 283 A	L	1	8	6	6	0	5
37	 284 A	A	1	5	1	0	0	1
37	 285 A	R	1	11	7	0	6	1
37	 286 A	V	1	7	4	3	2	0
37	 287 A	R	1	11	9	7	0	5
37	 288 A	W	1	14	6	6	0	4
37	 289 A	L	1	8	4	0	4	0
37	 290 A	V	1	7	4	4	1	0
37	 291 A	I	1	8	4	4	0	0
37	 292 A	L	1	8	4	2	2	0
37	 293 A	I	1	8	6	3	4	0
37	 294 A	L	1	8	6	6	0	0
37	 295 A	T	1	7	3	3	1	0
37	 296 A	G	1	4	2	0	2	0
37	 297 A	M	1	8	7	5	5	0
37	 298 A	V	1	7	4	4	0	0
37	 299 A	T	1	7	3	0	3	0
37	 300 A	S	1	6	3	1	3	0
37	 301 A	S	1	6	5	5	0	4
37	 302 A	I	1	8	4	3	3	1
37	 303 A	L	1	8	3	0	1	2
37	 304 A	Q	0	9	5	2	0	5
37	 305 A	G	0	4	4	4	0	4
39	 321 A	P	1	7	3	0	2	1
39	 322 A	V	1	7	4	0	4	0
39	 323 A	L	1	8	3	0	3	0
39	 324 A	L	1	8	4	0	4	0
39	 325 A	G	1	4	0	0	0	0
39	 326 A	T	1	7	4	0	4	0
39	 327 A	G	1	4	2	0	2	0
39	 328 A	G	1	4	2	0	2	0
39	 329 A	N	1	8	4	0	4	0
39	 330 A	T	1	7	3	0	3	0
39	 331 A	G	1	4	2	0	2	0
39	 332 A	N	1	8	2	0	2	0
39	 333 A	Q	1	9	4	0	4	0
39	 334 A	S	1	6	2	0	2	0
39	 335 A	A	0	5	2	0	2	0
39	 336 A	T	0	7	0	0	0	0
39	 337 A	L	0	8	1	0	1	0
39	 338 A	I	0	8	3	0	3	0
39	 339 A	I	0	8	5	0	1	4
39	 340 A	R	0	11	7	0	0	7
39	 341 A	A	0	5	0	0	0	0
39	 342 A	L	0	8	6	0	6	1
39	 343 A	A	0	5	4	0	0	4
41	 352 A	W	0	14	10	2	8	5
41	 353 A	R	0	11	7	1	0	7
41	 354 A	R	0	11	9	0	0	9
41	 355 A	V	0	7	3	0	3	0
41	 356 A	F	0	11	6	5	2	3
41	 357 A	L	0	8	6	6	0	6
41	 358 A	K	0	9	9	2	4	8
41	 359 A	E	1	9	4	0	4	0
41	 360 A	M	1	8	7	6	5	1
41	 361 A	G	1	4	3	3	0	1
41	 362 A	V	1	7	2	0	2	0
41	 363 A	G	1	4	1	0	1	0
41	 364 A	L	1	8	7	5	4	0
41	 365 A	L	1	8	6	5	4	2
41	 366 A	L	1	8	4	0	4	0
41	 367 A	G	1	4	3	0	3	0
41	 368 A	L	1	8	6	6	2	0
41	 369 A	T	1	7	4	4	3	0
41	 370 A	L	1	8	4	0	4	0
41	 371 A	S	1	6	5	3	4	0
41	 372 A	F	1	11	10	10	0	0
41	 373 A	L	1	8	4	4	1	0
41	 374 A	L	1	8	5	0	5	0
41	 375 A	V	1	7	4	4	1	0
41	 376 A	G	1	4	4	4	0	0
41	 377 A	K	1	9	5	5	1	1
41	 378 A	V	1	7	3	0	3	0
41	 379 A	Y	1	12	9	6	0	9
41	 380 A	W	1	14	13	12	0	7
43	 388 A	P	1	7	4	4	0	3
43	 389 A	V	1	7	4	0	3	3
43	 390 A	V	1	7	3	0	3	0
43	 391 A	G	1	4	3	2	2	0
43	 392 A	V	1	7	6	6	2	0
43	 393 A	S	1	6	4	0	4	0
43	 394 A	L	1	8	3	0	3	0
43	 395 A	V	1	7	3	3	3	0
43	 396 A	L	1	8	5	5	1	0
43	 397 A	I	1	8	3	0	3	0
43	 398 A	V	1	7	4	0	4	0
43	 399 A	F	1	11	7	7	3	0
43	 400 A	F	1	11	7	7	2	0
43	 401 A	A	1	5	1	0	1	0
43	 402 A	N	1	8	7	0	7	0
43	 403 A	L	1	8	6	4	3	0
43	 404 A	V	1	7	5	5	0	0
43	 405 A	G	1	4	3	0	3	0
43	 406 A	A	1	5	5	0	5	0
43	 407 A	M	1	8	6	5	2	1
43	 408 A	L	1	8	6	6	0	2
43	 409 A	P	0	7	2	0	2	0
43	 410 A	F	0	11	6	0	6	0
43	 411 A	L	0	8	4	4	0	3
43	 412 A	L	0	8	3	2	0	3
43	 413 A	R	0	11	8	0	5	8
43	 414 A	R	0	11	9	2	1	9
45	 427 A	V	1	7	2	0	2	0
45	 428 A	A	1	5	0	0	0	0
45	 429 A	T	1	7	3	1	2	0
45	 430 A	L	1	8	4	4	1	0
45	 431 A	S	1	6	3	0	3	0
45	 432 A	D	1	8	6	0	6	0
45	 433 A	V	1	7	2	2	0	0
45	 434 A	T	1	7	3	3	0	0
45	 435 A	G	1	4	3	0	3	0
45	 436 A	L	1	8	5	0	5	0
45	 437 A	L	1	8	6	6	1	0
45	 438 A	I	1	8	5	5	4	0
45	 439 A	Y	1	12	5	0	3	2
45	 440 A	L	1	8	1	1	0	0
45	 441 A	S	1	6	4	4	0	2
45	 442 A	V	1	7	5	3	4	1
83	 278 B	P	0	7	5	2	5	3
83	 279 B	V	0	7	3	3	0	3
83	 280 B	A	0	5	3	0	0	3
83	 281 B	L	0	8	1	0	1	0
83	 282 B	W	1	14	11	4	8	2
83	 283 B	L	1	8	6	3	0	6
83	 284 B	A	1	5	1	0	0	1
83	 285 B	R	1	11	8	0	8	0
83	 286 B	V	1	7	5	3	3	0
83	 287 B	R	1	11	9	9	0	6
83	 288 B	W	1	14	6	6	0	4
83	 289 B	L	1	8	4	0	4	0
83	 290 B	V	1	7	4	4	1	0
83	 291 B	I	1	8	5	5	0	0
83	 292 B	L	1	8	4	2	3	0
83	 293 B	I	1	8	6	3	4	0
83	 294 B	L	1	8	6	6	0	0
83	 295 B	T	1	7	3	3	2	0
83	 296 B	G	1	4	2	0	2	0
83	 297 B	M	1	8	6	5	2	0
83	 298 B	V	1	7	4	4	0	0
83	 299 B	T	1	7	2	0	2	0
83	 300 B	S	1	6	2	1	2	0
83	 301 B	S	1	6	3	3	0	2
83	 302 B	I	1	8	4	2	3	2
83	 303 B	L	1	8	3	0	2	2
83	 304 B	Q	0	9	6	2	0	6
83	 305 B	G	0	4	4	2	0	4
85	 321 B	P	1	7	4	0	3	1
85	 322 B	V	1	7	5	0	5	0
85	 323 B	L	1	8	3	0	3	0
85	 324 B	L	1	8	4	0	4	0
85	 325 B	G	1	4	0	0	0	0
85	 326 B	T	1	7	4	0	4	0
85	 327 B	G	1	4	2	0	2	0
85	 328 B	G	1	4	2	0	2	0
85	 329 B	N	1	8	4	0	4	0
85	 330 B	T	1	7	3	0	3	0
85	 331 B	G	1	4	2	0	2	0
85	 332 B	N	1	8	1	0	1	0
85	 333 B	Q	1	9	5	0	5	0
85	 334 B	S	1	6	2	0	2	0
85	 335 B	A	1	5	2	0	2	0
85	 336 B	T	0	7	0	0	0	0
85	 337 B	L	0	8	3	0	0	3
85	 338 B	I	0	8	4	0	4	0
85	 339 B	I	0	8	3	0	2	1
85	 340 B	R	0	11	7	0	0	7
85	 341 B	A	0	5	2	0	0	2
85	 342 B	L	0	8	7	0	7	3
85	 343 B	A	0	5	4	0	0	4
87	 352 B	W	0	14	11	9	5	7
87	 353 B	R	1	11	8	8	0	4
87	 354 B	R	1	11	9	4	0	9
87	 355 B	V	1	7	3	0	3	0
87	 356 B	F	1	11	8	5	5	1
87	 357 B	L	1	8	6	6	0	2
87	 358 B	K	1	9	9	8	6	5
87	 359 B	E	1	9	2	0	2	0
87	 360 B	M	1	8	7	6	3	0
87	 361 B	G	1	4	3	3	0	0
87	 362 B	V	1	7	2	0	2	0
87	 363 B	G	1	4	0	0	0	0
87	 364 B	L	1	8	5	4	2	0
87	 365 B	L	1	8	7	5	5	0
87	 366 B	L	1	8	5	0	5	0
87	 367 B	G	1	4	3	0	3	0
87	 368 B	L	1	8	6	6	1	0
87	 369 B	T	1	7	4	4	3	0
87	 370 B	L	1	8	5	0	5	0
87	 371 B	S	1	6	4	2	4	0
87	 372 B	F	1	11	10	10	0	0
87	 373 B	L	1	8	6	6	1	0
87	 374 B	L	1	8	5	0	5	0
87	 375 B	V	1	7	5	5	1	2
87	 376 B	G	1	4	3	3	0	2
87	 377 B	K	1	9	5	5	2	0
87	 378 B	V	1	7	3	0	3	0
87	 379 B	Y	1	12	9	5	0	9
87	 380 B	W	1	14	13	13	0	6
89	 388 B	P	0	7	4	2	0	4
89	 389 B	V	0	7	3	0	2	3
89	 390 B	V	1	7	3	0	3	0
89	 391 B	G	1	4	3	2	2	1
89	 392 B	V	1	7	6	6	2	3
89	 393 B	S	1	6	4	0	4	0
89	 394 B	L	1	8	6	0	6	0
89	 395 B	V	1	7	3	3	3	0
89	 396 B	L	1	8	5	5	1	0
89	 397 B	I	1	8	3	0	3	0
89	 398 B	V	1	7	4	0	4	0
89	 399 B	F	1	11	7	7	3	0
89	 400 B	F	1	11	6	6	0	0
89	 401 B	A	1	5	1	0	1	0
89	 402 B	N	1	8	7	0	7	0
89	 403 B	L	1	8	5	4	2	0
89	 404 B	V	1	7	5	5	0	0
89	 405 B	G	1	4	3	0	3	0
89	 406 B	A	1	5	3	0	3	0
89	 407 B	M	1	8	6	5	1	1
89	 408 B	L	1	8	5	5	0	0
89	 409 B	P	1	7	2	0	2	0
89	 410 B	F	1	11	5	0	5	0
89	 411 B	L	1	8	4	4	0	0
89	 412 B	L	0	8	3	3	0	2
89	 413 B	R	0	11	8	0	3	7
89	 414 B	R	0	11	8	7	2	5
91	 427 B	V	1	7	2	0	2	0
91	 428 B	A	1	5	0	0	0	0
91	 429 B	T	1	7	3	0	3	0
91	 430 B	L	1	8	4	4	0	0
91	 431 B	S	1	6	2	0	2	0
91	 432 B	D	1	8	4	0	4	0
91	 433 B	V	1	7	3	3	1	0
91	 434 B	T	1	7	2	2	0	0
91	 435 B	G	1	4	2	0	2	0
91	 436 B	L	1	8	4	0	4	0
91	 437 B	L	1	8	6	6	1	4
91	 438 B	I	1	8	5	5	4	0
91	 439 B	Y	1	12	5	0	2	3
91	 440 B	L	1	8	0	0	0	0
91	 441 B	S	1	6	4	4	0	4
91	 442 B	V	1	7	5	4	4	3
