H-Nr	AAId	AA	I/A	ges	Kont	Memb	Hel	H2O
2	  13 A	L	0	8	5	2	0	5
2	  14 A	N	0	8	6	0	2	5
2	  15 A	A	0	5	3	2	0	3
2	  16 A	V	0	7	4	2	0	4
2	  17 A	L	1	8	5	3	3	3
2	  18 A	A	1	5	3	1	3	0
2	  19 A	A	1	5	4	4	0	1
2	  20 A	P	1	7	4	4	1	2
2	  21 A	G	1	4	3	0	3	0
2	  22 A	L	1	8	4	2	3	0
2	  23 A	L	1	8	5	5	0	0
2	  24 A	A	1	5	2	1	2	0
2	  25 A	V	1	7	2	0	2	0
2	  26 A	A	1	5	1	1	1	0
2	  27 A	A	1	5	3	3	1	1
2	  28 A	L	1	8	6	6	3	3
4	  35 A	G	0	4	3	0	0	3
4	  36 A	R	0	11	10	3	0	10
4	  37 A	S	0	6	3	3	0	3
4	  38 A	R	0	11	9	5	2	9
4	  39 A	L	1	8	7	6	0	5
4	  40 A	A	1	5	4	4	0	1
4	  41 A	L	1	8	5	4	3	1
4	  42 A	A	1	5	3	3	0	1
4	  43 A	A	1	5	5	5	0	0
4	  44 A	L	1	8	6	6	0	0
4	  45 A	L	1	8	3	0	3	0
4	  46 A	A	1	5	3	3	0	0
4	  47 A	V	1	7	5	5	0	0
4	  48 A	I	1	8	2	1	1	0
4	  49 A	W	1	14	7	5	4	2
4	  50 A	G	1	4	3	3	0	1
4	  51 A	A	1	5	4	4	1	3
4	  52 A	Y	0	12	6	0	5	2
4	  53 A	L	0	8	5	3	2	3
4	  54 A	L	0	8	5	3	0	5
4	  55 A	Q	0	9	6	0	2	5
4	  56 A	L	0	8	3	1	3	3
4	  57 A	A	0	5	3	0	0	3
4	  58 A	A	0	5	5	0	0	5
4	  59 A	T	0	7	5	0	3	4
4	  60 A	L	0	8	7	0	0	7
4	  61 A	L	0	8	6	0	0	6
6	  72 A	T	0	7	4	0	0	4
6	  73 A	P	0	7	4	0	0	4
6	  74 A	K	0	9	5	0	0	5
6	  75 A	I	0	8	4	0	0	4
6	  76 A	A	0	5	2	0	0	2
6	  77 A	I	0	8	2	0	0	2
6	  78 A	D	0	8	5	0	5	0
6	  79 A	V	0	7	5	2	4	3
6	  80 A	L	1	8	3	3	0	3
6	  81 A	A	1	5	0	0	0	0
6	  82 A	V	1	7	4	2	4	2
6	  83 A	L	1	8	6	6	0	3
6	  84 A	V	1	7	4	4	0	0
6	  85 A	P	1	7	2	0	2	0
6	  86 A	L	1	8	4	3	3	0
6	  87 A	A	1	5	3	3	0	0
6	  88 A	A	1	5	3	3	0	0
6	  89 A	F	1	11	10	10	0	0
6	  90 A	L	1	8	7	7	0	0
10	 115 A	F	0	11	6	0	2	5
10	 116 A	P	0	7	6	0	0	6
10	 117 A	V	0	7	2	0	2	2
10	 118 A	L	0	8	3	0	2	3
10	 119 A	G	0	4	4	0	0	4
10	 120 A	R	0	11	8	0	3	7
10	 121 A	V	0	7	3	0	3	0
10	 122 A	L	0	8	6	0	1	6
10	 123 A	A	0	5	4	0	0	4
10	 124 A	N	0	8	7	0	0	7
10	 125 A	E	0	9	6	0	2	4
10	 126 A	A	0	5	3	0	0	3
10	 127 A	R	0	11	10	0	3	9
10	 128 A	N	0	8	6	0	4	3
10	 129 A	L	0	8	5	0	2	3
10	 130 A	I	0	8	5	0	0	5
10	 131 A	G	0	4	3	0	2	2
10	 132 A	V	0	7	2	0	2	0
10	 133 A	T	1	7	5	5	1	3
10	 134 A	T	1	7	5	4	0	4
10	 135 A	L	1	8	4	3	4	3
10	 136 A	F	1	11	5	0	5	0
10	 137 A	G	1	4	3	3	0	0
10	 138 A	V	1	7	4	4	0	1
10	 139 A	V	1	7	3	3	0	1
10	 140 A	L	1	8	4	4	0	0
10	 141 A	F	1	11	4	2	2	0
10	 142 A	A	1	5	3	3	0	0
10	 143 A	V	1	7	4	2	3	0
10	 144 A	A	1	5	0	0	0	0
10	 145 A	L	1	8	2	2	0	0
10	 146 A	A	1	5	2	2	1	0
10	 147 A	A	1	5	3	0	3	0
10	 148 A	Y	1	12	2	0	0	2
10	 149 A	V	0	7	4	4	0	2
10	 150 A	I	0	8	7	5	2	5
10	 151 A	E	0	9	0	0	0	0
16	 186 A	F	0	11	9	8	0	6
16	 187 A	A	1	5	4	3	1	2
16	 188 A	G	1	4	2	0	2	0
16	 189 A	R	1	11	7	5	0	5
16	 190 A	V	1	7	5	5	0	0
16	 191 A	L	1	8	5	4	1	0
16	 192 A	A	1	5	0	0	0	0
16	 193 A	G	1	4	2	2	0	0
16	 194 A	A	1	5	5	5	0	0
16	 195 A	V	1	7	4	2	3	0
16	 196 A	M	1	8	0	0	0	0
16	 197 A	M	1	8	6	6	3	3
16	 198 A	S	1	6	4	4	0	1
16	 199 A	G	1	4	0	0	0	0
16	 200 A	I	1	8	4	0	4	0
16	 201 A	G	1	4	2	2	1	1
16	 202 A	I	1	8	3	2	2	1
16	 203 A	F	1	11	8	0	8	0
16	 204 A	G	0	4	1	0	1	0
16	 205 A	L	0	8	5	2	5	2
16	 206 A	W	0	14	8	3	7	3
16	 207 A	A	0	5	2	0	2	0
16	 208 A	G	0	4	0	0	0	0
16	 209 A	I	0	8	4	0	4	0
16	 210 A	L	0	8	3	0	3	2
16	 211 A	A	0	5	1	0	1	0
16	 212 A	T	0	7	3	0	3	2
16	 213 A	G	0	4	1	0	1	0
16	 214 A	F	0	11	7	0	6	3
16	 215 A	Y	0	12	6	0	6	2
16	 216 A	Q	0	9	6	0	1	6
16	 217 A	E	0	9	7	0	4	6
16	 218 A	V	0	7	5	0	2	5
16	 219 A	R	0	11	10	0	1	10
16	 220 A	R	0	11	10	0	0	10
16	 221 A	G	0	4	4	0	0	4
16	 222 A	D	0	5	4	0	1	4
16	 223 A	F	0	5	4	0	0	4
16	 224 A	V	0	5	4	0	0	4
16	 225 A	R	0	5	4	0	0	4
16	 226 A	N	0	5	4	0	0	4
16	 227 A	W	0	5	4	0	0	4
19	  14 B	N	0	8	5	0	4	1
19	  15 B	A	0	5	4	3	0	4
19	  16 B	V	1	7	4	4	0	2
19	  17 B	L	1	8	5	4	2	2
19	  18 B	A	1	5	3	1	3	0
19	  19 B	A	1	5	4	4	0	0
19	  20 B	P	1	7	4	4	1	0
19	  21 B	G	1	4	3	0	3	0
19	  22 B	L	1	8	3	2	1	0
19	  23 B	L	1	8	6	6	0	0
19	  24 B	A	1	5	3	2	2	0
19	  25 B	V	1	7	2	0	2	0
19	  26 B	A	1	5	1	1	1	0
19	  27 B	A	1	5	2	2	1	1
19	  28 B	L	0	8	6	1	4	4
21	  35 B	G	0	4	3	0	0	3
21	  36 B	R	0	11	10	2	0	10
21	  37 B	S	0	6	3	3	0	3
21	  38 B	R	0	11	9	2	5	9
21	  39 B	L	0	8	6	4	0	6
21	  40 B	A	1	5	5	5	0	3
21	  41 B	L	1	8	4	2	3	0
21	  42 B	A	1	5	3	3	0	1
21	  43 B	A	1	5	5	5	0	1
21	  44 B	L	1	8	6	6	2	0
21	  45 B	L	1	8	4	1	3	0
21	  46 B	A	1	5	4	4	0	0
21	  47 B	V	1	7	5	5	0	0
21	  48 B	I	1	8	2	2	1	0
21	  49 B	W	1	14	9	8	4	0
21	  50 B	G	1	4	3	3	0	0
21	  51 B	A	1	5	4	4	0	2
21	  52 B	Y	1	12	5	0	5	0
21	  53 B	L	1	8	8	6	4	4
21	  54 B	L	0	8	7	4	0	7
21	  55 B	Q	0	9	6	2	1	5
21	  56 B	L	0	8	3	2	2	2
21	  57 B	A	0	5	4	1	0	4
21	  58 B	A	0	5	5	0	0	5
21	  59 B	T	0	7	5	0	1	5
21	  60 B	L	0	8	7	0	0	7
23	  72 B	T	0	7	6	0	0	6
23	  73 B	P	0	7	5	0	0	5
23	  74 B	K	0	9	5	0	0	5
23	  75 B	I	0	8	4	0	0	4
23	  76 B	A	0	5	2	1	0	2
23	  77 B	I	0	8	2	2	0	2
23	  78 B	D	0	8	3	0	3	0
23	  79 B	V	0	7	5	2	4	3
23	  80 B	L	1	8	3	3	0	3
23	  81 B	A	1	5	0	0	0	0
23	  82 B	V	1	7	5	2	5	1
23	  83 B	L	1	8	6	6	0	3
23	  84 B	V	1	7	5	5	0	0
23	  85 B	P	1	7	4	3	2	0
23	  86 B	L	1	8	5	5	4	0
23	  87 B	A	1	5	4	4	0	0
23	  88 B	A	1	5	3	3	0	0
23	  89 B	F	1	11	9	9	0	0
23	  90 B	L	1	8	7	7	0	0
27	 115 B	F	0	11	6	0	2	5
27	 116 B	P	0	7	6	0	0	6
27	 117 B	V	0	7	2	0	2	2
27	 118 B	L	0	8	4	0	2	4
27	 119 B	G	0	4	4	0	0	4
27	 120 B	R	0	11	10	0	3	10
27	 121 B	V	0	7	3	0	2	2
27	 122 B	L	0	8	6	0	0	6
27	 123 B	A	0	5	5	0	0	5
27	 124 B	N	0	8	7	0	0	7
27	 125 B	E	0	9	6	0	3	4
27	 126 B	A	0	5	3	0	0	3
27	 127 B	R	0	11	10	0	1	10
27	 128 B	N	0	8	3	0	1	3
27	 129 B	L	0	8	4	0	2	4
27	 130 B	I	0	8	4	0	0	4
27	 131 B	G	0	4	2	0	0	2
27	 132 B	V	0	7	2	0	2	0
27	 133 B	T	0	7	5	5	0	5
27	 134 B	T	0	7	5	4	0	4
27	 135 B	L	0	8	4	3	3	3
27	 136 B	F	1	11	5	1	5	0
27	 137 B	G	1	4	4	4	0	1
27	 138 B	V	1	7	4	4	0	2
27	 139 B	V	1	7	4	4	0	1
27	 140 B	L	1	8	4	4	0	0
27	 141 B	F	1	11	6	3	4	0
27	 142 B	A	1	5	3	3	0	0
27	 143 B	V	1	7	4	2	3	0
27	 144 B	A	1	5	0	0	0	0
27	 145 B	L	1	8	2	2	0	0
27	 146 B	A	1	5	2	2	1	0
27	 147 B	A	1	5	3	0	3	0
27	 148 B	Y	1	12	2	1	0	2
27	 149 B	V	1	7	4	4	0	2
27	 150 B	I	1	8	6	6	2	3
27	 151 B	E	0	9	0	0	0	0
31	 186 B	F	0	11	9	7	0	6
31	 187 B	A	1	5	4	4	1	2
31	 188 B	G	1	4	2	0	2	0
31	 189 B	R	1	11	7	5	0	4
31	 190 B	V	1	7	5	5	0	0
31	 191 B	L	1	8	4	3	1	0
31	 192 B	A	1	5	0	0	0	0
31	 193 B	G	1	4	2	2	0	0
31	 194 B	A	1	5	5	5	0	0
31	 195 B	V	1	7	4	2	3	0
31	 196 B	M	1	8	0	0	0	0
31	 197 B	M	1	8	5	4	3	3
31	 198 B	S	1	6	4	4	0	1
31	 199 B	G	1	4	0	0	0	0
31	 200 B	I	1	8	4	0	4	0
31	 201 B	G	1	4	2	2	1	2
31	 202 B	I	1	8	3	2	2	1
31	 203 B	F	1	11	8	0	8	0
31	 204 B	G	0	4	2	0	2	0
31	 205 B	L	0	8	4	0	4	1
31	 206 B	W	0	14	7	3	5	3
31	 207 B	A	0	5	1	0	1	0
31	 208 B	G	0	4	0	0	0	0
31	 209 B	I	0	8	3	0	3	1
31	 210 B	L	0	8	3	1	3	2
31	 211 B	A	0	5	1	0	1	0
31	 212 B	T	0	7	3	0	3	2
31	 213 B	G	0	4	2	0	1	1
31	 214 B	F	0	11	7	0	6	3
31	 215 B	Y	0	12	7	0	7	1
31	 216 B	Q	0	9	7	0	3	7
31	 217 B	E	0	9	8	0	5	7
31	 218 B	V	0	7	5	0	3	5
31	 219 B	R	0	11	9	0	3	9
31	 220 B	R	0	11	10	0	3	10
31	 221 B	G	0	4	4	0	0	4
31	 222 B	D	0	5	5	0	0	5
31	 223 B	F	0	5	4	0	0	4
31	 224 B	V	0	4	4	0	0	4
31	 225 B	R	0	5	5	0	0	5
31	 226 B	N	0	4	4	0	0	4
31	 227 B	W	0	5	5	0	0	5
31	 228 B	Q	0	5	5	0	0	5
31	 229 B	L	0	5	4	0	0	4
36	  18 C	A	1	5	3	1	3	0
36	  19 C	A	1	5	4	4	0	0
36	  20 C	P	1	7	4	4	1	0
36	  21 C	G	1	4	2	0	2	0
36	  22 C	L	1	8	4	2	3	0
36	  23 C	L	1	8	6	6	0	0
36	  24 C	A	1	5	2	1	2	0
36	  25 C	V	1	7	4	0	2	2
36	  26 C	A	1	5	2	2	1	0
36	  27 C	A	1	5	2	2	1	2
38	  35 C	G	0	4	3	0	0	3
38	  36 C	R	0	11	11	0	0	11
38	  37 C	S	0	6	3	1	0	3
38	  38 C	R	0	11	9	3	0	9
38	  39 C	L	0	8	7	5	0	7
38	  40 C	A	1	5	4	4	0	3
38	  41 C	L	1	8	4	3	2	1
38	  42 C	A	1	5	3	3	0	1
38	  43 C	A	1	5	5	5	0	1
38	  44 C	L	1	8	6	6	2	0
38	  45 C	L	1	8	3	1	2	0
38	  46 C	A	1	5	4	4	0	0
38	  47 C	V	1	7	5	5	0	0
38	  48 C	I	1	8	2	2	1	0
38	  49 C	W	1	14	10	8	5	0
38	  50 C	G	1	4	2	2	0	0
38	  51 C	A	1	5	4	4	0	2
38	  52 C	Y	1	12	3	0	3	0
38	  53 C	L	1	8	6	3	4	1
38	  54 C	L	0	8	6	4	0	5
38	  55 C	Q	0	9	6	2	0	6
38	  56 C	L	0	8	3	3	3	3
38	  57 C	A	0	5	1	1	0	1
38	  58 C	A	0	5	5	0	0	5
38	  59 C	T	0	7	4	0	2	4
38	  60 C	L	0	8	6	1	0	6
38	  61 C	L	0	8	7	0	0	7
40	  72 C	T	0	7	7	0	0	7
40	  73 C	P	0	7	5	0	0	5
40	  74 C	K	0	9	7	0	0	7
40	  75 C	I	0	8	4	0	1	3
40	  76 C	A	0	5	2	2	0	2
40	  77 C	I	0	8	4	2	0	4
40	  78 C	D	0	8	4	0	2	3
40	  79 C	V	1	7	4	2	3	3
40	  80 C	L	1	8	3	3	0	2
40	  81 C	A	1	5	0	0	0	0
40	  82 C	V	1	7	6	4	5	0
40	  83 C	L	1	8	6	6	0	0
40	  84 C	V	1	7	5	5	0	0
40	  85 C	P	1	7	4	3	2	0
40	  86 C	L	1	8	5	5	4	0
40	  87 C	A	1	5	3	3	0	0
40	  88 C	A	1	5	3	3	0	0
40	  89 C	F	1	11	9	9	0	0
40	  90 C	L	1	8	6	6	0	0
40	  91 C	L	1	8	7	7	0	1
42	 115 C	F	0	11	5	1	2	4
42	 116 C	P	0	7	4	0	0	4
42	 117 C	V	0	7	3	0	3	2
42	 118 C	L	0	8	3	0	1	3
42	 119 C	G	0	4	3	0	0	3
42	 120 C	R	0	11	10	0	3	10
42	 121 C	V	0	7	4	0	3	2
42	 122 C	L	0	8	6	0	1	6
42	 123 C	A	0	5	4	0	0	4
42	 124 C	N	0	8	7	0	0	7
42	 125 C	E	0	9	5	0	4	3
42	 126 C	A	0	5	3	0	0	3
42	 127 C	R	0	11	9	0	3	9
42	 128 C	N	0	8	4	0	1	3
42	 129 C	L	0	8	5	0	2	4
42	 130 C	I	0	8	4	1	0	4
42	 131 C	G	0	4	2	0	0	2
42	 132 C	V	0	7	2	0	2	0
42	 133 C	T	1	7	5	5	1	3
42	 134 C	T	1	7	4	4	0	3
42	 135 C	L	1	8	4	2	3	3
42	 136 C	F	1	11	5	1	5	0
42	 137 C	G	1	4	4	4	0	0
42	 138 C	V	1	7	3	3	0	3
42	 139 C	V	1	7	4	4	0	1
42	 140 C	L	1	8	2	2	0	0
42	 141 C	F	1	11	4	2	2	0
42	 142 C	A	1	5	3	3	0	0
42	 143 C	V	1	7	4	2	3	0
42	 144 C	A	1	5	0	0	0	0
42	 145 C	L	1	8	2	2	0	0
42	 146 C	A	1	5	2	2	1	0
42	 147 C	A	1	5	3	0	3	0
42	 148 C	Y	1	12	2	0	0	2
42	 149 C	V	1	7	4	4	0	3
42	 150 C	I	1	8	7	6	2	4
42	 151 C	E	0	9	0	0	0	0
46	 186 C	F	1	11	9	9	0	3
46	 187 C	A	1	5	4	4	1	2
46	 188 C	G	1	4	2	0	2	0
46	 189 C	R	1	11	7	5	0	5
46	 190 C	V	1	7	5	5	0	0
46	 191 C	L	1	8	4	3	1	0
46	 192 C	A	1	5	0	0	0	0
46	 193 C	G	1	4	2	2	0	0
46	 194 C	A	1	5	4	4	0	0
46	 195 C	V	1	7	4	2	3	0
46	 196 C	M	1	8	0	0	0	0
46	 197 C	M	1	8	5	5	2	2
46	 198 C	S	1	6	4	4	0	1
46	 199 C	G	1	4	0	0	0	0
46	 200 C	I	1	8	4	0	4	0
46	 201 C	G	1	4	3	2	1	3
46	 202 C	I	1	8	3	2	2	1
46	 203 C	F	1	11	8	0	8	0
46	 204 C	G	0	4	2	0	2	0
46	 205 C	L	0	8	4	2	3	2
46	 206 C	W	0	14	6	3	4	3
46	 207 C	A	0	5	1	0	1	0
46	 208 C	G	0	4	0	0	0	0
46	 209 C	I	0	8	4	0	4	0
46	 210 C	L	0	8	3	0	3	2
46	 211 C	A	0	5	1	0	1	0
46	 212 C	T	0	7	3	0	3	2
46	 213 C	G	0	4	3	0	2	1
46	 214 C	F	0	11	6	0	6	2
46	 215 C	Y	0	12	6	0	6	2
46	 216 C	Q	0	9	7	0	4	7
46	 217 C	E	0	9	8	0	5	7
46	 218 C	V	0	7	5	0	3	5
46	 219 C	R	0	11	9	0	5	7
46	 220 C	R	0	11	11	0	1	11
46	 221 C	G	0	4	4	0	0	4
46	 222 C	D	0	8	5	0	0	5
46	 223 C	F	0	5	5	0	0	5
46	 224 C	V	0	5	4	0	0	4
46	 225 C	R	0	5	4	0	0	4
46	 226 C	N	0	5	4	0	0	4
46	 227 C	W	0	5	4	0	0	4
49	  13 D	L	0	8	7	4	0	7
49	  14 D	N	0	8	6	2	3	4
49	  15 D	A	0	5	3	3	0	3
49	  16 D	V	1	7	4	4	0	4
49	  17 D	L	1	8	5	4	2	2
49	  18 D	A	1	5	3	1	3	0
49	  19 D	A	1	5	3	3	0	0
49	  20 D	P	1	7	5	5	1	0
49	  21 D	G	1	4	3	0	3	0
49	  22 D	L	1	8	3	2	2	0
49	  23 D	L	1	8	6	6	0	0
49	  24 D	A	1	5	3	3	2	0
49	  25 D	V	1	7	2	0	2	0
49	  26 D	A	1	5	2	2	0	2
49	  27 D	A	1	5	2	2	1	2
51	  35 D	G	0	4	4	0	0	4
51	  36 D	R	0	11	9	1	0	9
51	  37 D	S	0	6	3	3	0	3
51	  38 D	R	0	11	9	2	0	9
51	  39 D	L	0	8	6	4	0	6
51	  40 D	A	1	5	4	4	0	2
51	  41 D	L	1	8	4	3	2	1
51	  42 D	A	1	5	3	3	0	1
51	  43 D	A	1	5	5	5	0	0
51	  44 D	L	1	8	6	6	1	0
51	  45 D	L	1	8	4	2	2	0
51	  46 D	A	1	5	4	4	0	0
51	  47 D	V	1	7	5	5	0	0
51	  48 D	I	1	8	2	2	1	0
51	  49 D	W	1	14	9	8	4	0
51	  50 D	G	1	4	3	3	0	0
51	  51 D	A	1	5	4	4	1	2
51	  52 D	Y	1	12	6	0	6	0
51	  53 D	L	1	8	6	3	2	4
51	  54 D	L	0	8	6	4	0	6
51	  55 D	Q	0	9	6	1	1	5
51	  56 D	L	0	8	3	1	3	2
51	  57 D	A	0	5	4	1	0	4
51	  58 D	A	0	5	5	0	0	5
51	  59 D	T	0	7	4	0	0	4
51	  60 D	L	0	8	7	0	0	7
51	  61 D	L	0	8	7	0	0	7
53	  72 D	T	0	7	6	0	0	6
53	  73 D	P	0	7	4	0	0	4
53	  74 D	K	0	9	5	0	0	5
53	  75 D	I	0	8	4	0	0	4
53	  76 D	A	0	5	2	2	0	2
53	  77 D	I	0	8	2	2	0	2
53	  78 D	D	0	8	3	0	3	0
53	  79 D	V	0	7	5	2	4	3
53	  80 D	L	1	8	3	3	0	3
53	  81 D	A	1	5	0	0	0	0
53	  82 D	V	1	7	5	2	5	1
53	  83 D	L	1	8	6	6	0	2
53	  84 D	V	1	7	5	5	0	0
53	  85 D	P	1	7	3	3	1	0
53	  86 D	L	1	8	5	4	4	0
53	  87 D	A	1	5	3	3	0	0
53	  88 D	A	1	5	3	3	0	0
53	  89 D	F	1	11	8	8	0	0
53	  90 D	L	1	8	7	7	0	1
53	  91 D	L	1	8	7	7	0	1
57	 114 D	F	0	11	9	0	9	0
57	 115 D	F	0	11	6	1	2	5
57	 116 D	P	0	7	6	0	0	6
57	 117 D	V	0	7	2	0	2	2
57	 118 D	L	0	8	4	0	1	4
57	 119 D	G	0	4	4	0	0	4
57	 120 D	R	0	11	9	0	3	7
57	 121 D	V	0	7	3	0	3	0
57	 122 D	L	0	8	6	0	0	6
57	 123 D	A	0	5	5	0	0	5
57	 124 D	N	0	8	7	0	0	7
57	 125 D	E	0	9	5	0	3	3
57	 126 D	A	0	5	3	0	0	3
57	 127 D	R	0	11	10	0	1	10
57	 128 D	N	0	8	3	0	1	2
57	 129 D	L	0	8	5	0	2	5
57	 130 D	I	0	8	4	1	0	4
57	 131 D	G	0	4	2	0	0	2
57	 132 D	V	0	7	2	0	2	0
57	 133 D	T	1	7	5	5	2	3
57	 134 D	T	1	7	5	5	0	3
57	 135 D	L	1	8	4	3	4	3
57	 136 D	F	1	11	5	1	5	0
57	 137 D	G	1	4	3	3	0	0
57	 138 D	V	1	7	4	4	0	1
57	 139 D	V	1	7	4	4	0	1
57	 140 D	L	1	8	4	4	0	0
57	 141 D	F	1	11	6	2	4	0
57	 142 D	A	1	5	3	3	0	0
57	 143 D	V	1	7	4	2	3	0
57	 144 D	A	1	5	0	0	0	0
57	 145 D	L	1	8	2	2	0	0
57	 146 D	A	1	5	2	2	1	0
57	 147 D	A	1	5	3	0	3	0
57	 148 D	Y	1	12	1	0	0	1
57	 149 D	V	0	7	4	4	0	2
57	 150 D	I	0	8	6	5	2	5
57	 151 D	E	0	9	0	0	0	0
61	 186 D	F	0	11	9	7	0	5
61	 187 D	A	1	5	4	4	1	2
61	 188 D	G	1	4	2	0	2	0
61	 189 D	R	1	11	7	5	0	5
61	 190 D	V	1	7	5	5	0	0
61	 191 D	L	1	8	5	4	1	0
61	 192 D	A	1	5	0	0	0	0
61	 193 D	G	1	4	2	2	0	0
61	 194 D	A	1	5	5	5	0	0
61	 195 D	V	1	7	4	1	3	0
61	 196 D	M	1	8	0	0	0	0
61	 197 D	M	1	8	6	6	3	3
61	 198 D	S	1	6	4	4	0	1
61	 199 D	G	1	4	0	0	0	0
61	 200 D	I	1	8	4	0	4	0
61	 201 D	G	1	4	2	2	1	2
61	 202 D	I	1	8	3	2	2	1
61	 203 D	F	1	11	8	0	8	0
61	 204 D	G	0	4	2	0	2	0
61	 205 D	L	0	8	5	2	5	2
61	 206 D	W	0	14	6	3	5	3
61	 207 D	A	0	5	1	0	1	0
61	 208 D	G	0	4	0	0	0	0
61	 209 D	I	0	8	3	0	3	1
61	 210 D	L	0	8	3	0	3	2
61	 211 D	A	0	5	1	0	1	0
61	 212 D	T	0	7	3	0	3	2
61	 213 D	G	0	4	1	0	1	0
61	 214 D	F	0	11	7	0	7	3
61	 215 D	Y	0	12	5	0	5	1
61	 216 D	Q	0	9	6	0	1	6
61	 217 D	E	0	9	7	0	4	5
61	 218 D	V	0	7	6	0	2	6
61	 219 D	R	0	11	10	0	1	10
