H-Nr	AAId	AA	I/A	ges	Kont	Memb	Hel	H2O
2	   4 A	L	0	8	3	0	1	2
2	   5 A	T	0	7	3	2	1	3
2	   6 A	T	1	7	3	3	0	2
2	   7 A	L	1	8	4	2	2	1
2	   8 A	F	1	11	9	0	9	0
2	   9 A	W	1	14	10	10	8	3
2	  10 A	L	1	8	5	5	0	0
2	  11 A	G	1	4	0	0	0	0
2	  12 A	A	1	5	3	0	3	0
2	  13 A	I	1	8	4	4	0	0
2	  14 A	G	1	4	4	3	2	0
2	  15 A	M	1	8	4	0	4	0
2	  16 A	L	1	8	4	4	2	0
2	  17 A	V	1	7	4	4	0	0
2	  18 A	G	1	4	0	0	0	0
2	  19 A	T	1	7	4	2	4	0
2	  20 A	L	1	8	7	7	0	3
2	  21 A	A	1	5	3	3	1	3
2	  22 A	F	0	11	7	0	7	0
2	  23 A	A	0	5	5	4	3	4
2	  24 A	W	0	14	11	3	0	11
2	  25 A	A	0	5	4	0	3	3
4	  34 A	R	0	11	7	0	0	7
4	  35 A	R	0	11	7	0	2	7
4	  36 A	Y	0	12	10	0	7	7
4	  37 A	Y	0	12	6	1	3	6
4	  38 A	V	0	7	5	4	0	5
4	  39 A	T	1	7	4	3	3	3
4	  40 A	L	1	8	4	0	4	1
4	  41 A	V	1	7	4	4	2	2
4	  42 A	G	1	4	1	1	0	0
4	  43 A	I	1	8	3	0	3	0
4	  44 A	S	1	6	4	0	4	0
4	  45 A	G	1	4	4	3	2	0
4	  46 A	I	1	8	5	4	2	0
4	  47 A	A	1	5	2	0	2	0
4	  48 A	A	1	5	4	2	3	0
4	  49 A	V	1	7	4	4	0	0
4	  50 A	A	1	5	2	2	1	0
4	  51 A	Y	1	12	6	0	6	0
4	  52 A	V	1	7	3	3	1	0
4	  53 A	V	1	7	3	3	1	3
4	  54 A	M	1	8	5	0	5	0
4	  55 A	A	1	5	4	1	4	1
9	  70 A	A	1	5	1	1	0	1
9	  71 A	P	1	7	3	2	3	1
9	  72 A	R	1	11	3	0	3	0
9	  73 A	Y	1	12	5	0	5	0
9	  74 A	I	1	8	4	4	1	1
9	  75 A	D	1	8	3	1	2	0
9	  76 A	W	1	14	4	0	4	0
9	  77 A	I	1	8	7	4	5	0
9	  78 A	L	1	8	6	6	0	0
9	  79 A	T	1	7	3	0	3	0
9	  80 A	T	1	7	3	0	3	0
9	  81 A	P	1	7	5	4	2	0
9	  82 A	L	1	8	5	3	4	1
9	  83 A	I	1	8	5	0	5	0
9	  84 A	V	1	7	2	0	2	0
9	  85 A	Y	1	12	9	5	5	8
9	  86 A	F	0	11	7	0	7	1
9	  87 A	L	0	8	3	0	3	0
9	  88 A	G	0	4	2	0	2	0
9	  89 A	L	0	8	7	0	5	3
9	  90 A	L	0	8	2	0	2	1
9	  91 A	A	0	5	3	0	3	1
11	  95 A	S	0	6	6	1	0	6
11	  96 A	R	0	11	8	6	0	8
11	  97 A	E	0	9	5	0	0	5
11	  98 A	F	0	11	6	2	3	4
11	  99 A	G	1	4	3	3	0	2
11	 100 A	I	1	8	5	5	1	2
11	 101 A	V	1	7	3	0	3	0
11	 102 A	I	1	8	4	4	1	1
11	 103 A	T	1	7	4	4	0	0
11	 104 A	L	1	8	4	3	2	0
11	 105 A	N	1	8	4	0	4	0
11	 106 A	T	1	7	3	3	0	0
11	 107 A	V	1	7	4	4	2	0
11	 108 A	V	1	7	1	0	1	0
11	 109 A	M	1	8	4	0	4	0
11	 110 A	L	1	8	6	6	1	0
11	 111 A	A	1	5	2	0	2	0
11	 112 A	G	1	4	0	0	0	0
11	 113 A	F	1	11	8	4	8	4
11	 114 A	A	1	5	3	2	2	2
11	 115 A	G	0	4	4	0	4	0
11	 116 A	A	0	5	1	0	1	0
11	 117 A	M	0	8	5	3	1	4
13	 122 A	E	0	9	6	3	0	6
13	 123 A	R	0	11	3	0	1	2
13	 124 A	Y	0	12	10	5	0	10
13	 125 A	A	1	5	5	5	0	3
13	 126 A	L	1	8	6	4	3	3
13	 127 A	F	1	11	3	3	0	1
13	 128 A	G	1	4	2	2	0	0
13	 129 A	M	1	8	7	7	2	0
13	 130 A	G	1	4	2	0	2	0
13	 131 A	A	1	5	2	2	0	0
13	 132 A	V	1	7	4	4	0	0
13	 133 A	A	1	5	3	2	2	0
13	 134 A	F	1	11	5	2	3	0
13	 135 A	L	1	8	6	6	0	0
13	 136 A	G	1	4	3	2	1	0
13	 137 A	L	1	8	3	0	3	0
13	 138 A	V	1	7	3	3	0	1
13	 139 A	Y	1	12	9	7	0	9
13	 140 A	Y	0	12	7	3	6	4
13	 141 A	L	0	8	1	0	1	0
13	 142 A	V	0	7	4	2	0	4
13	 143 A	G	0	4	1	0	0	1
13	 144 A	P	0	7	6	0	0	6
13	 145 A	M	0	8	4	0	3	1
13	 146 A	T	0	7	2	0	0	2
13	 147 A	E	0	9	8	0	0	8
13	 148 A	S	0	6	4	0	2	4
13	 149 A	A	0	5	1	0	1	0
19	 190 A	P	0	7	3	0	0	3
19	 191 A	T	0	7	4	1	3	3
19	 192 A	V	1	7	3	0	3	0
19	 193 A	D	1	8	2	0	2	0
19	 194 A	V	1	7	3	0	3	0
19	 195 A	A	1	5	4	4	1	0
19	 196 A	L	1	8	4	2	3	0
19	 197 A	I	1	8	2	0	2	0
19	 198 A	V	1	7	4	2	2	0
19	 199 A	Y	1	12	8	5	5	0
19	 200 A	L	1	8	3	0	3	0
19	 201 A	D	1	8	5	0	5	0
19	 202 A	L	1	8	6	6	1	0
19	 203 A	V	1	7	4	4	1	0
19	 204 A	T	1	7	0	0	0	0
19	 205 A	K	1	9	4	0	4	0
19	 206 A	V	1	7	4	2	2	0
19	 207 A	G	1	4	3	3	0	2
19	 208 A	F	1	11	4	0	4	0
19	 209 A	G	0	4	2	0	2	0
19	 210 A	F	0	11	10	7	2	8
19	 211 A	I	0	8	6	2	0	6
19	 212 A	A	0	5	3	0	1	3
19	 213 A	L	0	8	7	0	3	7
19	 214 A	D	0	8	7	0	0	7
19	 215 A	A	0	5	2	0	0	2
19	 216 A	A	0	5	2	0	1	2
19	 217 A	A	0	5	4	0	0	4
19	 218 A	T	0	7	4	0	0	4
19	 219 A	L	0	8	4	0	0	4
19	 220 A	R	0	11	8	0	0	8
19	 221 A	A	0	5	4	0	0	4
19	 222 A	E	0	9	7	0	0	7
22	  24 B	A	1	5	4	4	0	4
22	  25 B	V	1	7	4	4	0	3
22	  26 B	F	1	11	10	10	0	7
22	  27 B	I	1	8	6	6	0	3
22	  28 B	F	1	11	8	8	0	2
22	  29 B	V	1	7	3	3	2	0
22	  30 B	G	1	4	3	3	0	0
22	  31 B	A	1	5	5	5	0	0
22	  32 B	L	1	8	5	5	1	0
22	  33 B	T	1	7	5	4	2	0
22	  34 B	V	1	7	5	5	0	0
22	  35 B	L	1	8	5	5	0	0
22	  36 B	F	1	11	7	2	6	0
22	  37 B	G	1	4	3	3	0	2
22	  38 B	A	1	5	5	5	0	3
22	  39 B	I	1	8	6	6	1	3
22	  40 B	A	1	5	1	1	1	1
22	  41 B	Y	0	12	10	3	0	10
22	  42 B	G	0	4	3	1	0	3
22	  43 B	E	0	9	8	1	4	6
22	  44 B	V	0	7	4	0	3	3
22	  45 B	T	0	7	4	0	0	4
22	  46 B	A	0	5	4	0	0	4
22	  47 B	A	0	5	4	0	2	3
22	  48 B	A	0	5	5	0	3	4
22	  49 B	A	0	5	5	0	0	5
22	  50 B	T	0	7	5	0	0	5
24	  53 B	A	0	5	5	0	0	5
24	  54 B	A	0	5	3	0	0	3
24	  55 B	A	0	5	4	0	2	3
24	  56 B	V	0	7	4	0	4	3
24	  57 B	Q	0	9	6	0	0	6
24	  58 B	E	0	9	7	0	0	7
24	  59 B	A	0	5	1	0	1	1
24	  60 B	A	0	5	2	0	0	2
24	  61 B	V	0	7	3	1	0	3
24	  62 B	S	0	6	1	0	1	0
24	  63 B	A	1	5	1	1	1	1
24	  64 B	I	1	8	4	3	0	4
24	  65 B	L	1	8	3	3	0	3
24	  66 B	G	1	4	2	0	2	0
24	  67 B	L	1	8	7	6	3	1
24	  68 B	I	1	8	6	6	0	0
24	  69 B	I	1	8	6	5	3	0
24	  70 B	L	1	8	4	3	2	0
24	  71 B	L	1	8	5	5	0	0
24	  72 B	G	1	4	4	4	0	0
24	  73 B	I	1	8	4	0	4	0
24	  74 B	N	1	8	4	2	3	0
24	  75 B	L	1	8	6	6	0	0
24	  76 B	G	1	4	2	2	0	0
24	  77 B	L	1	8	3	3	2	2
24	  78 B	V	1	7	4	4	0	4
24	  79 B	A	0	5	3	3	0	3
24	  80 B	A	0	5	3	0	0	3
24	  81 B	T	0	7	5	3	0	5
24	  82 B	L	0	9	8	2	0	8
