H-Nr	AAId	AA	I/A	ges	Kont	Memb	Hel	H2O
6	  65 A	L	0	8	5	0	1	5
6	  66 A	E	0	9	5	0	0	5
6	  67 A	D	0	8	4	0	1	4
6	  68 A	I	0	8	2	0	1	2
6	  69 A	S	0	6	3	0	3	0
6	  70 A	R	0	11	4	0	2	2
6	  71 A	K	0	9	3	0	2	1
6	  72 A	I	0	8	3	0	3	0
6	  73 A	F	1	11	2	0	2	0
6	  74 A	S	1	6	2	0	2	0
6	  75 A	A	1	5	0	0	0	0
6	  76 A	H	1	10	0	0	0	0
6	  77 A	F	1	11	7	0	7	0
6	  78 A	G	1	4	0	0	0	0
6	  79 A	H	1	10	0	0	0	0
6	  80 A	L	1	8	2	0	2	0
6	  81 A	A	1	5	3	1	3	0
6	  82 A	V	1	7	0	0	0	0
6	  83 A	V	1	7	0	0	0	0
6	  84 A	F	1	11	7	0	7	0
6	  85 A	I	1	8	3	3	1	1
6	  86 A	W	1	14	0	0	0	0
6	  87 A	L	0	8	0	0	0	0
6	  88 A	S	0	6	3	0	3	0
6	  89 A	G	0	4	0	0	0	0
6	  90 A	M	0	8	0	0	0	0
6	  91 A	Y	0	12	7	0	7	0
6	  92 A	F	0	11	6	0	4	3
6	  93 A	H	0	10	0	0	0	0
6	  94 A	G	0	4	2	0	2	0
6	  95 A	A	0	5	4	0	3	1
6	  96 A	K	0	9	8	0	1	8
18	 155 A	E	0	9	6	0	0	6
18	 156 A	F	0	11	9	0	0	9
18	 157 A	Q	0	9	2	0	0	2
18	 158 A	L	0	8	3	0	3	0
18	 159 A	Y	0	12	8	0	3	8
18	 160 A	C	0	6	3	0	0	3
18	 161 A	T	0	7	2	0	2	0
18	 162 A	A	0	5	3	0	3	0
18	 163 A	I	0	8	4	1	0	4
18	 164 A	G	0	4	3	2	0	3
18	 165 A	G	0	4	1	0	1	0
18	 166 A	L	1	8	7	6	3	5
18	 167 A	V	1	7	5	5	0	3
18	 168 A	M	1	8	4	3	2	1
18	 169 A	A	1	5	4	2	3	1
18	 170 A	G	1	4	4	4	0	0
18	 171 A	L	1	8	6	6	0	0
18	 172 A	M	1	8	4	0	4	0
18	 173 A	L	1	8	4	4	1	0
18	 174 A	F	1	11	8	8	0	0
18	 175 A	A	1	5	2	0	2	0
18	 176 A	G	1	4	3	0	3	0
18	 177 A	W	1	14	7	7	0	3
18	 178 A	F	1	11	3	3	0	3
18	 179 A	H	0	10	3	0	3	0
18	 180 A	Y	0	12	4	0	4	2
18	 181 A	H	0	10	2	0	0	2
24	 193 A	V	0	7	0	0	0	0
24	 194 A	E	0	9	5	0	0	5
24	 195 A	S	1	6	1	0	0	1
24	 196 A	M	1	8	0	0	0	0
24	 197 A	L	1	8	0	0	0	0
24	 198 A	N	1	8	0	0	0	0
24	 199 A	H	1	10	0	0	0	0
24	 200 A	H	1	10	0	0	0	0
24	 201 A	L	1	8	0	0	0	0
24	 202 A	A	1	5	0	0	0	0
24	 203 A	G	1	4	0	0	0	0
24	 204 A	L	1	8	0	0	0	0
24	 205 A	L	1	8	0	0	0	0
24	 206 A	G	1	4	0	0	0	0
24	 207 A	L	1	8	0	0	0	0
24	 208 A	G	1	4	0	0	0	0
24	 209 A	S	0	6	0	0	0	0
24	 210 A	L	0	8	0	0	0	0
24	 211 A	A	0	5	0	0	0	0
24	 212 A	W	0	14	0	0	0	0
24	 213 A	A	0	5	0	0	0	0
24	 214 A	G	0	4	0	0	0	0
24	 215 A	H	0	10	0	0	0	0
24	 216 A	Q	0	9	0	0	0	0
24	 217 A	I	0	8	0	0	0	0
24	 218 A	H	0	10	0	0	0	0
39	 352 A	W	0	14	11	0	10	3
39	 353 A	H	0	10	6	0	6	2
39	 354 A	A	0	5	1	0	1	0
39	 355 A	Q	0	9	0	0	0	0
39	 356 A	L	1	8	3	0	3	0
39	 357 A	A	1	5	1	0	1	0
39	 358 A	I	1	8	0	0	0	0
39	 359 A	N	1	8	0	0	0	0
39	 360 A	L	1	8	4	0	4	0
39	 361 A	A	1	5	0	0	0	0
39	 362 A	M	1	8	0	0	0	0
39	 363 A	M	1	8	1	0	1	0
39	 364 A	G	1	4	3	0	3	0
39	 365 A	S	1	6	0	0	0	0
39	 366 A	L	1	8	0	0	0	0
39	 367 A	S	1	6	3	0	3	0
39	 368 A	I	1	8	2	0	2	0
39	 369 A	I	1	8	0	0	0	0
39	 370 A	V	0	7	0	0	0	0
39	 371 A	A	0	5	3	0	3	0
39	 372 A	Q	0	9	2	0	2	0
39	 373 A	H	0	10	0	0	0	0
39	 374 A	M	0	8	1	0	1	0
39	 375 A	Y	0	12	5	0	5	0
39	 376 A	A	0	5	0	0	0	0
41	 387 A	Y	0	12	2	0	2	0
41	 388 A	P	0	7	4	0	3	1
41	 389 A	T	0	7	0	0	0	0
41	 390 A	Q	0	9	0	0	0	0
41	 391 A	L	0	8	3	0	3	0
41	 392 A	S	0	6	1	0	1	0
41	 393 A	L	0	8	1	0	1	0
41	 394 A	F	0	11	8	0	8	0
41	 395 A	T	0	7	3	0	3	0
41	 396 A	H	0	10	0	0	0	0
41	 397 A	H	1	10	4	0	4	0
41	 398 A	M	1	8	4	0	4	0
41	 399 A	W	1	14	8	0	8	0
41	 400 A	I	1	8	1	0	1	0
41	 401 A	G	1	4	2	0	2	0
41	 402 A	G	1	4	3	0	3	0
41	 403 A	F	1	11	6	0	6	0
41	 404 A	L	1	8	5	0	5	0
41	 405 A	V	1	7	0	0	0	0
41	 406 A	V	1	7	3	0	3	0
41	 407 A	G	1	4	2	0	2	0
41	 408 A	G	1	4	2	0	2	0
41	 409 A	A	1	5	1	0	1	0
41	 410 A	A	0	5	2	0	2	0
41	 411 A	H	0	10	6	0	6	0
41	 412 A	G	0	4	2	0	2	0
41	 413 A	A	0	5	2	0	2	0
41	 414 A	I	0	8	3	0	3	0
41	 415 A	F	0	11	4	0	3	2
41	 416 A	M	0	8	1	0	1	0
41	 417 A	V	0	7	2	0	0	2
41	 418 A	R	0	11	9	0	0	9
45	 437 A	R	0	11	3	0	3	0
45	 438 A	D	0	8	0	0	0	0
45	 439 A	A	0	5	0	0	0	0
45	 440 A	I	0	8	2	0	2	0
45	 441 A	I	0	8	3	0	3	0
45	 442 A	S	0	6	0	0	0	0
45	 443 A	H	0	10	0	0	0	0
45	 444 A	L	1	8	4	0	4	0
45	 445 A	N	1	8	0	0	0	0
45	 446 A	W	1	14	0	0	0	0
45	 447 A	V	1	7	1	0	1	0
45	 448 A	C	1	6	3	0	3	0
45	 449 A	I	1	8	0	0	0	0
45	 450 A	F	1	11	2	2	0	0
45	 451 A	L	1	8	4	1	3	0
45	 452 A	G	1	4	2	0	2	0
45	 453 A	F	1	11	0	0	0	0
45	 454 A	H	1	10	3	3	0	1
45	 455 A	S	1	6	2	0	2	0
45	 456 A	F	1	11	3	0	3	0
45	 457 A	G	1	4	0	0	0	0
45	 458 A	L	1	8	3	2	1	2
45	 459 A	Y	0	12	7	0	7	0
45	 460 A	V	0	7	0	0	0	0
45	 461 A	H	0	10	0	0	0	0
45	 462 A	N	0	8	1	0	1	0
45	 463 A	D	0	8	1	0	1	0
45	 464 A	T	0	7	2	0	2	0
45	 465 A	M	0	8	0	0	0	0
45	 466 A	R	0	11	4	0	0	4
45	 467 A	A	0	5	0	0	0	0
45	 468 A	F	0	11	0	0	0	0
53	 533 A	T	0	7	0	0	0	0
53	 534 A	A	0	5	1	0	0	1
53	 535 A	D	0	8	3	0	2	1
53	 536 A	F	0	11	3	3	0	3
53	 537 A	M	0	8	3	0	3	0
53	 538 A	V	0	7	5	0	5	0
53	 539 A	H	0	10	1	0	1	0
53	 540 A	H	1	10	3	1	2	1
53	 541 A	I	1	8	5	0	5	0
53	 542 A	H	1	10	3	0	3	0
53	 543 A	A	1	5	0	0	0	0
53	 544 A	F	1	11	5	0	5	0
53	 545 A	T	1	7	4	0	4	0
53	 546 A	I	1	8	1	0	1	0
53	 547 A	H	1	10	6	0	6	0
53	 548 A	V	1	7	4	0	4	0
53	 549 A	T	1	7	3	0	3	0
53	 550 A	V	1	7	2	0	2	0
53	 551 A	L	1	8	5	0	5	0
53	 552 A	I	1	8	3	0	3	0
53	 553 A	L	1	8	4	0	4	0
53	 554 A	L	0	8	2	0	2	0
53	 555 A	K	0	9	6	0	6	0
53	 556 A	G	0	4	2	0	2	0
53	 557 A	V	0	7	3	0	3	0
53	 558 A	L	0	8	4	0	4	0
57	 591 A	G	0	4	0	0	0	0
57	 592 A	W	0	14	6	0	6	0
57	 593 A	D	0	8	3	0	3	0
57	 594 A	H	0	10	6	0	6	0
57	 595 A	V	1	7	3	0	3	0
57	 596 A	F	1	11	4	0	4	0
57	 597 A	L	1	8	1	0	1	0
57	 598 A	G	1	4	2	0	2	0
57	 599 A	L	1	8	4	0	4	0
57	 600 A	F	1	11	5	0	5	0
57	 601 A	W	1	14	9	0	9	0
57	 602 A	M	1	8	4	0	4	0
57	 603 A	Y	1	12	7	0	7	0
57	 604 A	N	1	8	0	0	0	0
57	 605 A	C	1	6	3	0	3	0
57	 606 A	I	1	8	3	0	3	0
57	 607 A	S	1	6	1	0	1	0
57	 608 A	V	0	7	1	0	1	0
57	 609 A	V	0	7	3	0	3	0
57	 610 A	I	0	8	5	0	5	0
57	 611 A	F	0	11	2	0	2	0
57	 612 A	H	0	10	6	0	6	0
57	 613 A	F	0	11	7	0	7	0
57	 614 A	S	0	6	1	0	1	0
57	 615 A	W	0	14	0	0	0	0
57	 616 A	K	0	9	3	0	3	1
57	 617 A	M	0	8	1	0	1	0
57	 618 A	Q	0	9	2	0	2	0
57	 619 A	S	0	6	0	0	0	0
57	 620 A	D	0	8	5	0	0	5
69	 670 A	S	0	6	1	0	1	0
69	 671 A	A	0	5	0	0	0	0
69	 672 A	Y	0	12	7	0	7	2
69	 673 A	G	0	4	0	0	0	0
69	 674 A	L	0	8	3	0	3	0
69	 675 A	L	0	8	3	0	3	0
69	 676 A	F	0	11	5	0	5	0
69	 677 A	L	0	8	0	0	0	0
69	 678 A	G	0	4	0	0	0	0
69	 679 A	A	1	5	2	0	2	0
69	 680 A	H	1	10	2	0	2	0
69	 681 A	F	1	11	2	0	2	0
69	 682 A	I	1	8	3	0	3	0
69	 683 A	W	1	14	7	0	7	0
69	 684 A	A	1	5	0	0	0	0
69	 685 A	F	1	11	2	0	2	0
69	 686 A	S	1	6	3	0	3	0
69	 687 A	L	1	8	3	0	3	0
69	 688 A	M	1	8	0	0	0	0
69	 689 A	F	1	11	7	0	7	0
69	 690 A	L	1	8	4	0	4	0
69	 691 A	F	1	11	7	0	7	0
73	 724 A	I	0	8	0	0	0	0
73	 725 A	I	0	8	3	0	2	1
73	 726 A	Q	0	9	0	0	0	0
73	 727 A	G	0	4	1	0	1	0
73	 728 A	R	1	11	7	0	7	0
73	 729 A	A	1	5	1	0	1	0
73	 730 A	V	1	7	2	0	2	0
73	 731 A	G	1	4	3	0	3	0
73	 732 A	V	1	7	4	0	4	0
73	 733 A	A	1	5	0	0	0	0
73	 734 A	H	1	10	6	0	6	0
73	 735 A	Y	1	12	11	0	11	0
73	 736 A	L	1	8	3	0	3	0
73	 737 A	L	1	8	3	0	3	0
73	 738 A	G	1	4	2	0	2	0
73	 739 A	G	1	4	2	0	2	0
73	 740 A	I	1	8	3	0	3	0
73	 741 A	A	0	5	2	0	2	0
73	 742 A	T	0	7	5	0	5	0
73	 743 A	T	0	7	2	0	2	0
73	 744 A	W	0	14	3	0	3	0
73	 745 A	A	0	5	1	0	1	0
73	 746 A	F	0	11	1	0	1	0
73	 747 A	F	0	11	5	0	5	0
73	 748 A	L	0	8	4	0	4	0
73	 749 A	A	0	5	1	0	1	0
73	 750 A	R	0	11	4	0	3	2
73	 751 A	I	0	8	6	0	6	0
73	 752 A	I	0	8	5	0	3	2
73	 753 A	S	0	6	5	0	0	5
73	 754 A	V	0	7	5	0	0	5
80	  38 B	E	0	9	6	0	0	6
80	  39 B	E	0	9	6	0	0	6
80	  40 B	N	0	8	4	0	0	4
80	  41 B	L	0	8	2	0	2	1
80	  42 B	Y	0	12	4	0	4	2
80	  43 B	Q	0	9	2	0	0	2
80	  44 B	K	0	9	4	0	0	4
80	  45 B	I	0	8	0	0	0	0
80	  46 B	F	0	11	0	0	0	0
80	  47 B	A	0	5	1	0	1	0
80	  48 B	S	0	6	0	0	0	0
80	  49 B	H	0	10	0	0	0	0
80	  50 B	F	0	11	6	0	6	0
80	  51 B	G	0	4	1	0	1	0
80	  52 B	H	1	10	0	0	0	0
80	  53 B	L	1	8	1	0	1	0
80	  54 B	A	1	5	1	0	1	0
80	  55 B	I	1	8	0	0	0	0
80	  56 B	I	1	8	0	0	0	0
80	  57 B	F	1	11	5	0	5	0
80	  58 B	L	1	8	2	0	2	0
80	  59 B	W	1	14	0	0	0	0
80	  60 B	V	1	7	2	0	2	0
80	  61 B	S	1	6	2	0	2	0
80	  62 B	G	1	4	0	0	0	0
80	  63 B	S	1	6	0	0	0	0
80	  64 B	L	0	8	3	0	3	0
80	  65 B	F	0	11	3	0	3	0
80	  66 B	H	0	10	0	0	0	0
80	  67 B	V	0	7	3	0	2	1
80	  68 B	A	0	5	2	0	1	1
80	  69 B	W	0	14	3	0	1	3
80	  70 B	Q	0	9	4	0	0	4
92	 131 B	N	0	8	4	0	0	4
92	 132 B	G	0	4	4	0	0	4
92	 133 B	D	0	8	5	0	0	5
92	 134 B	L	0	8	3	0	3	0
92	 135 B	Y	0	12	6	3	5	3
92	 136 B	Q	1	9	6	4	0	6
92	 137 B	G	1	4	1	0	1	0
92	 138 B	A	1	5	4	0	4	0
92	 139 B	I	1	8	4	3	2	2
92	 140 B	F	1	11	4	4	0	0
92	 141 B	L	1	8	3	0	3	0
92	 142 B	L	1	8	3	0	3	0
92	 143 B	I	1	8	4	4	0	0
92	 144 B	L	1	8	3	1	2	0
92	 145 B	A	1	5	1	0	1	0
92	 146 B	S	1	6	3	2	2	2
92	 147 B	L	1	8	4	4	0	2
92	 148 B	A	1	5	2	0	2	0
92	 149 B	L	1	8	4	0	4	0
92	 150 B	F	0	11	7	3	1	7
92	 151 B	A	0	5	1	0	1	0
92	 152 B	G	0	4	3	0	3	0
92	 153 B	W	0	14	8	0	3	6
92	 154 B	L	0	8	1	0	0	1
102	 269 B	L	0	8	0	0	0	0
102	 270 B	T	0	7	0	0	0	0
102	 271 B	D	0	8	0	0	0	0
102	 272 B	M	0	8	0	0	0	0
102	 273 B	A	0	5	0	0	0	0
102	 274 B	H	0	10	0	0	0	0
102	 275 B	H	0	10	0	0	0	0
102	 276 B	H	1	10	0	0	0	0
102	 277 B	L	1	8	0	0	0	0
102	 278 B	A	1	5	0	0	0	0
102	 279 B	I	1	8	0	0	0	0
102	 280 B	A	1	5	0	0	0	0
102	 281 B	V	1	7	2	2	0	0
102	 282 B	L	1	8	3	3	0	0
102	 283 B	F	1	11	2	2	0	0
102	 284 B	I	1	8	0	0	0	0
102	 285 B	V	1	7	3	3	0	0
102	 286 B	A	1	5	0	0	0	0
108	 333 B	L	0	8	5	0	3	4
108	 334 B	H	0	10	6	0	6	0
108	 335 B	F	0	11	3	0	3	0
108	 336 B	Q	0	9	0	0	0	0
108	 337 B	L	0	8	2	0	2	0
108	 338 B	G	0	4	3	0	3	0
108	 339 B	W	0	14	0	0	0	0
108	 340 B	H	1	10	0	0	0	0
108	 341 B	L	1	8	4	0	4	0
108	 342 B	A	1	5	3	0	3	0
108	 343 B	C	1	6	0	0	0	0
108	 344 B	L	1	8	4	0	4	0
108	 345 B	G	1	4	3	0	3	0
108	 346 B	V	1	7	0	0	0	0
108	 347 B	I	1	8	0	0	0	0
108	 348 B	T	1	7	3	0	3	0
108	 349 B	S	1	6	3	0	3	0
108	 350 B	L	1	8	0	0	0	0
108	 351 B	V	1	7	0	0	0	0
108	 352 B	A	0	5	3	0	3	0
108	 353 B	Q	0	9	2	0	2	0
108	 354 B	H	0	10	0	0	0	0
108	 355 B	M	0	8	0	0	0	0
108	 356 B	Y	0	12	7	0	7	0
108	 357 B	S	0	6	0	0	0	0
110	 368 B	H	0	10	9	0	7	5
110	 369 B	T	0	7	5	0	5	3
110	 370 B	T	0	7	0	0	0	0
110	 371 B	M	0	8	3	0	2	2
110	 372 B	A	0	5	2	0	2	0
110	 373 B	A	0	5	1	0	1	0
110	 374 B	L	0	8	0	0	0	0
110	 375 B	Y	0	12	8	0	8	0
110	 376 B	T	0	7	4	0	4	0
110	 377 B	H	1	10	0	0	0	0
110	 378 B	H	1	10	3	0	3	0
110	 379 B	Q	1	9	6	0	6	0
110	 380 B	Y	1	12	8	0	8	0
110	 381 B	I	1	8	2	0	2	0
110	 382 B	A	1	5	1	0	1	0
110	 383 B	G	1	4	3	0	3	0
110	 384 B	F	1	11	3	0	3	0
110	 385 B	L	1	8	3	0	3	0
110	 386 B	M	1	8	0	0	0	0
110	 387 B	V	1	7	3	0	3	0
110	 388 B	G	1	4	1	0	1	0
110	 389 B	A	1	5	3	0	3	0
110	 390 B	F	0	11	5	0	5	0
110	 391 B	A	0	5	0	0	0	0
110	 392 B	H	0	10	7	0	7	0
110	 393 B	G	0	4	0	0	0	0
110	 394 B	A	0	5	1	0	1	0
110	 395 B	I	0	8	2	0	2	0
110	 396 B	F	0	11	8	0	8	1
110	 397 B	L	0	8	1	0	1	0
110	 398 B	V	0	7	1	0	0	1
110	 399 B	R	0	11	8	0	0	8
114	 418 B	K	0	9	3	0	2	1
114	 419 B	E	0	9	4	0	0	4
114	 420 B	A	0	5	0	0	0	0
114	 421 B	I	0	8	0	0	0	0
114	 422 B	I	0	8	3	0	3	0
114	 423 B	S	0	6	0	0	0	0
114	 424 B	H	1	10	0	0	0	0
114	 425 B	L	1	8	2	0	2	0
114	 426 B	S	1	6	1	0	1	0
114	 427 B	W	1	14	0	0	0	0
114	 428 B	V	1	7	2	0	2	0
114	 429 B	S	1	6	3	0	3	0
114	 430 B	L	1	8	0	0	0	0
114	 431 B	F	1	11	0	0	0	0
114	 432 B	L	1	8	2	0	2	0
114	 433 B	G	1	4	2	0	2	0
114	 434 B	F	1	11	0	0	0	0
114	 435 B	H	1	10	0	0	0	0
114	 436 B	T	1	7	1	0	1	0
114	 437 B	L	1	8	1	0	1	0
114	 438 B	G	0	4	0	0	0	0
114	 439 B	L	0	8	2	0	2	0
114	 440 B	Y	0	12	5	0	5	0
114	 441 B	V	0	7	0	0	0	0
114	 442 B	H	0	10	0	0	0	0
114	 443 B	N	0	8	0	0	0	0
114	 444 B	D	0	8	1	0	1	0
114	 445 B	V	0	7	0	0	0	0
114	 446 B	V	0	7	0	0	0	0
114	 447 B	V	0	7	3	0	0	3
114	 448 B	A	0	5	2	0	2	0
122	 520 B	P	0	7	3	0	0	3
122	 521 B	G	0	4	0	0	0	0
122	 522 B	D	0	8	3	0	3	0
122	 523 B	F	0	11	0	0	0	0
122	 524 B	L	0	8	5	0	5	0
122	 525 B	V	0	7	5	0	5	0
122	 526 B	H	0	10	2	0	2	0
122	 527 B	H	1	10	1	0	1	0
122	 528 B	A	1	5	3	0	3	0
122	 529 B	I	1	8	2	0	2	0
122	 530 B	A	1	5	2	0	2	0
122	 531 B	L	1	8	6	0	6	0
122	 532 B	G	1	4	2	0	2	0
122	 533 B	L	1	8	1	0	1	0
122	 534 B	H	1	10	3	0	3	0
122	 535 B	T	1	7	3	0	3	0
122	 536 B	T	1	7	3	0	3	0
122	 537 B	T	1	7	1	0	1	0
122	 538 B	L	1	8	5	0	5	0
122	 539 B	I	1	8	3	0	3	0
122	 540 B	L	1	8	4	0	4	0
122	 541 B	V	0	7	3	0	3	0
122	 542 B	K	0	9	3	0	3	0
122	 543 B	G	0	4	1	0	1	0
122	 544 B	A	0	5	4	0	4	0
122	 545 B	L	0	8	4	0	4	0
124	 578 B	A	0	5	1	0	1	0
124	 579 B	W	0	14	3	0	3	0
124	 580 B	D	0	8	2	0	2	0
124	 581 B	A	0	5	2	0	2	0
124	 582 B	F	0	11	2	0	2	0
124	 583 B	Y	1	12	6	0	6	0
124	 584 B	L	1	8	1	0	1	0
124	 585 B	A	1	5	3	0	3	0
124	 586 B	M	1	8	4	0	4	0
124	 587 B	F	1	11	4	0	4	0
124	 588 B	W	1	14	10	0	10	0
124	 589 B	M	1	8	3	0	3	0
124	 590 B	L	1	8	5	0	5	0
124	 591 B	N	1	8	1	0	1	0
124	 592 B	T	1	7	3	0	3	0
124	 593 B	I	1	8	3	0	3	0
124	 594 B	G	1	4	0	0	0	0
124	 595 B	W	1	14	2	0	2	0
124	 596 B	V	0	7	2	0	2	0
124	 597 B	T	0	7	2	0	2	0
124	 598 B	F	0	11	2	0	2	0
124	 599 B	Y	0	12	8	0	8	0
124	 600 B	W	0	14	9	0	9	0
124	 601 B	H	0	10	6	0	6	0
124	 602 B	W	0	14	0	0	0	0
124	 603 B	K	0	9	3	0	2	3
124	 604 B	H	0	10	3	0	2	1
124	 605 B	L	0	8	2	0	0	2
124	 606 B	G	0	4	1	0	0	1
124	 607 B	V	0	7	5	0	0	5
124	 608 B	W	0	14	13	0	10	7
124	 609 B	E	0	9	8	0	0	8
134	 650 B	S	0	6	0	0	0	0
134	 651 B	V	0	7	1	0	0	1
134	 652 B	W	0	14	9	0	8	2
134	 653 B	A	0	5	0	0	0	0
134	 654 B	W	0	14	1	0	1	0
134	 655 B	M	0	8	2	0	2	0
134	 656 B	F	0	11	5	0	5	0
134	 657 B	L	0	8	1	0	1	0
134	 658 B	F	1	11	2	0	2	0
134	 659 B	G	1	4	3	0	3	0
134	 660 B	H	1	10	3	0	3	0
134	 661 B	L	1	8	0	0	0	0
134	 662 B	V	1	7	3	0	3	0
134	 663 B	W	1	14	6	0	6	0
134	 664 B	A	1	5	0	0	0	0
134	 665 B	T	1	7	2	0	2	0
134	 666 B	G	1	4	2	0	2	0
134	 667 B	F	1	11	5	0	5	0
134	 668 B	M	1	8	0	0	0	0
134	 669 B	F	1	11	6	0	6	0
134	 670 B	L	1	8	4	0	4	0
134	 671 B	I	1	8	3	0	3	0
138	 708 B	I	0	8	1	0	0	1
138	 709 B	V	0	7	3	0	1	2
138	 710 B	Q	0	9	0	0	0	0
138	 711 B	A	0	5	1	0	1	0
138	 712 B	R	0	11	6	0	6	0
138	 713 B	L	0	8	1	0	1	0
138	 714 B	V	1	7	1	0	1	0
138	 715 B	G	1	4	3	0	3	0
138	 716 B	L	1	8	4	0	4	0
138	 717 B	A	1	5	0	0	0	0
138	 718 B	H	1	10	6	0	6	0
138	 719 B	F	1	11	8	0	8	0
138	 720 B	S	1	6	2	0	2	0
138	 721 B	V	1	7	2	0	2	0
138	 722 B	G	1	4	1	0	1	0
138	 723 B	Y	1	12	5	0	5	0
138	 724 B	I	1	8	1	0	1	0
138	 725 B	L	1	8	2	0	2	0
138	 726 B	T	0	7	3	0	3	0
138	 727 B	Y	0	12	6	0	6	0
138	 728 B	A	0	5	0	0	0	0
138	 729 B	A	0	5	2	0	2	0
138	 730 B	F	0	11	1	0	1	0
138	 731 B	L	0	8	3	0	3	0
138	 732 B	I	0	8	4	0	4	0
138	 733 B	A	0	5	1	0	1	0
138	 734 B	S	0	6	4	0	1	3
138	 735 B	T	0	7	3	0	3	0
138	 736 B	A	0	5	5	0	2	4
194	  64 F	L	0	8	3	2	0	3
194	  65 F	I	0	8	1	0	0	1
194	  66 F	P	0	7	0	0	0	0
194	  67 F	S	0	6	0	0	0	0
194	  68 F	V	1	7	4	4	0	3
194	  69 F	L	1	8	1	1	0	1
194	  70 F	F	1	11	0	0	0	0
194	  71 F	L	1	8	2	2	0	0
194	  72 F	Y	1	12	9	9	0	2
194	  73 F	I	1	8	0	0	0	0
194	  74 F	A	1	5	0	0	0	0
194	  75 F	G	1	4	0	0	0	0
194	  76 F	W	1	14	3	3	0	0
194	  77 F	I	1	8	0	0	0	0
194	  78 F	G	1	4	0	0	0	0
194	  79 F	W	1	14	3	3	0	3
194	  80 F	V	1	7	0	0	0	0
194	  81 F	G	1	4	0	0	0	0
194	  82 F	R	0	11	2	1	0	2
194	  83 F	A	0	5	3	1	0	3
194	  84 F	Y	0	12	0	0	0	0
194	  85 F	L	0	8	2	0	0	2
194	  86 F	I	0	8	5	0	0	5
194	  87 F	A	0	5	3	0	0	3
194	  88 F	V	0	7	2	0	0	2
194	  89 F	R	0	11	9	0	0	9
203	  10 I	L	0	8	2	1	1	1
203	  11 I	P	0	7	0	0	0	0
203	  12 I	W	0	14	10	7	0	10
203	  13 I	I	1	8	4	4	0	2
203	  14 I	F	1	11	3	3	0	0
203	  15 I	I	1	8	0	0	0	0
203	  16 I	P	1	7	2	2	0	1
203	  17 I	V	1	7	2	2	0	0
203	  18 I	V	1	7	1	1	0	0
203	  19 I	C	1	6	0	0	0	0
203	  20 I	W	1	14	5	5	0	1
203	  21 I	L	1	8	5	5	0	0
203	  22 I	M	1	8	5	5	0	0
203	  23 I	P	1	7	0	0	0	0
203	  24 I	T	1	7	3	3	0	2
203	  25 I	V	1	7	5	5	0	4
203	  26 I	V	0	7	3	3	0	3
203	  27 I	M	0	8	0	0	0	0
203	  28 I	G	0	4	2	1	0	2
203	  29 I	L	0	8	6	3	0	6
203	  30 I	L	0	8	3	2	0	3
203	  31 I	F	0	11	3	0	3	0
203	  32 I	L	0	8	6	0	2	6
203	  33 I	Y	0	12	10	0	0	10
203	  34 I	I	0	8	0	0	0	0
203	  35 I	E	0	9	2	0	2	0
208	  11 J	A	1	5	0	0	0	0
208	  12 J	P	1	7	0	0	0	0
208	  13 J	V	1	7	0	0	0	0
208	  14 J	L	1	8	3	3	0	0
208	  15 J	A	1	5	0	0	0	0
208	  16 J	A	1	5	2	2	0	0
208	  17 J	I	1	8	5	5	0	0
208	  18 J	W	1	14	5	5	0	0
208	  19 J	M	1	8	0	0	0	0
208	  20 J	T	1	7	3	3	0	1
208	  21 J	I	1	8	3	3	0	2
208	  22 J	T	1	7	2	2	0	0
208	  23 J	A	1	5	0	0	0	0
208	  24 J	G	0	4	0	0	0	0
208	  25 J	I	0	8	5	2	0	5
208	  26 J	L	0	8	0	0	0	0
208	  27 J	I	0	8	0	0	0	0
208	  28 J	E	0	9	2	0	0	2
208	  29 J	F	0	11	4	0	0	4
208	  30 J	N	0	8	0	0	0	0
208	  31 J	R	0	11	4	0	0	4
208	  32 J	F	0	11	10	0	0	10
211	  21 K	L	1	5	3	3	1	2
211	  22 K	C	1	5	4	4	0	1
211	  23 K	N	1	5	5	5	0	1
211	  24 K	L	1	5	3	3	1	0
211	  25 K	F	1	5	3	3	0	0
211	  26 K	A	1	5	4	4	0	0
211	  27 K	I	1	5	3	3	0	0
211	  28 K	A	1	5	4	2	3	0
211	  29 K	L	1	5	5	3	3	0
211	  30 K	G	1	4	4	4	0	1
211	  31 K	R	1	5	4	4	0	2
215	  62 K	T	1	5	2	1	2	0
215	  63 K	T	1	5	4	4	0	0
215	  64 K	S	1	5	3	3	0	0
215	  65 K	F	1	5	2	2	0	0
215	  66 K	G	1	4	1	0	1	0
215	  67 K	H	1	5	3	3	0	2
215	  68 K	L	1	5	3	3	0	1
215	  69 K	L	1	5	2	2	0	0
215	  70 K	A	1	5	2	1	2	1
215	  71 K	A	0	5	2	1	0	2
215	  72 K	G	0	4	0	0	0	0
215	  73 K	V	0	5	3	2	0	3
226	  43 L	P	0	7	3	0	2	1
226	  44 L	I	0	8	4	0	1	4
226	  45 L	L	0	8	5	0	0	5
226	  46 L	R	0	11	4	0	1	3
226	  47 L	G	0	4	3	0	3	0
226	  48 L	L	0	8	3	2	1	3
226	  49 L	E	0	9	1	0	0	1
226	  50 L	V	0	7	2	0	2	0
226	  51 L	G	1	4	3	0	3	0
226	  52 L	M	1	8	7	5	5	3
226	  53 L	A	1	5	3	3	0	0
226	  54 L	H	1	10	0	0	0	0
226	  55 L	G	1	4	2	0	2	0
226	  56 L	Y	1	12	9	8	4	0
226	  57 L	F	1	11	2	2	0	0
226	  58 L	L	1	8	3	0	3	0
226	  59 L	I	1	8	4	0	4	0
226	  60 L	G	1	4	0	0	0	0
226	  61 L	P	1	7	0	0	0	0
226	  62 L	W	1	14	8	0	8	0
226	  63 L	V	0	7	3	0	2	2
226	  64 L	K	0	9	7	4	0	7
228	  74 L	A	0	5	2	0	0	2
228	  75 L	N	0	8	7	2	6	5
228	  76 L	L	0	8	6	4	3	4
228	  77 L	G	1	4	1	1	0	1
228	  78 L	G	1	4	3	0	3	0
228	  79 L	L	1	8	4	2	4	0
228	  80 L	I	1	8	4	4	0	1
228	  81 L	S	1	6	2	0	2	0
228	  82 L	G	1	4	0	0	0	0
228	  83 L	I	1	8	4	2	2	0
228	  84 L	A	1	5	2	2	0	0
228	  85 L	L	1	8	2	0	2	0
228	  86 L	I	1	8	4	0	4	0
228	  87 L	L	1	8	6	6	2	2
228	  88 L	V	1	7	2	2	0	2
228	  89 L	A	1	5	1	0	1	0
228	  90 L	T	0	7	3	2	3	2
228	  91 L	A	0	5	3	1	0	3
228	  92 L	C	0	6	0	0	0	0
228	  93 L	L	0	8	4	0	4	0
228	  94 L	A	0	5	3	0	0	3
228	  95 L	A	0	5	3	0	1	3
228	  96 L	Y	0	12	3	0	2	2
228	  97 L	G	0	4	4	0	2	3
228	  98 L	L	0	8	7	0	2	7
228	  99 L	V	0	7	4	0	3	2
228	 100 L	S	0	6	5	0	0	5
230	 114 L	S	0	6	5	0	0	5
230	 115 L	E	0	9	6	0	0	6
230	 116 L	G	0	4	3	0	2	2
230	 117 L	W	0	14	7	0	5	3
230	 118 L	S	0	6	4	0	0	4
230	 119 L	Q	0	9	6	0	1	6
230	 120 L	F	0	11	4	0	4	0
230	 121 L	T	0	7	3	0	3	2
230	 122 L	A	0	5	2	1	0	2
230	 123 L	G	0	4	2	0	1	1
230	 124 L	F	0	11	5	0	5	0
230	 125 L	F	0	11	7	7	3	5
230	 126 L	V	1	7	4	3	0	4
230	 127 L	G	1	4	3	2	2	1
230	 128 L	A	1	5	5	0	5	0
230	 129 L	M	1	8	2	0	2	0
230	 130 L	G	1	4	3	3	0	0
230	 131 L	S	1	6	4	3	2	0
230	 132 L	A	1	5	1	0	1	0
230	 133 L	F	1	11	6	6	1	0
230	 134 L	V	1	7	3	3	1	0
230	 135 L	A	1	5	1	0	1	0
230	 136 L	F	1	11	9	2	9	2
230	 137 L	F	1	11	7	7	0	4
230	 138 L	L	1	8	3	3	0	1
230	 139 L	L	1	8	5	3	3	3
230	 140 L	E	0	9	7	2	1	7
235	   5 M	D	0	8	5	0	0	5
235	   6 M	T	0	7	3	3	0	3
235	   7 M	Q	0	9	8	1	5	4
235	   8 M	V	0	7	2	0	2	0
235	   9 M	Y	1	12	7	6	0	6
235	  10 M	V	1	7	4	4	2	3
235	  11 M	A	1	5	1	0	1	0
235	  12 M	L	1	8	1	1	0	0
235	  13 M	V	1	7	4	4	0	0
235	  14 M	I	1	8	5	5	3	0
235	  15 M	A	1	5	0	0	0	0
235	  16 M	L	1	8	3	3	0	0
235	  17 M	L	1	8	5	5	1	1
235	  18 M	P	1	7	4	0	4	0
235	  19 M	A	1	5	2	2	0	1
235	  20 M	V	1	7	4	4	0	4
235	  21 M	L	0	8	3	2	3	2
235	  22 M	A	0	5	1	0	1	0
235	  23 M	F	0	11	7	2	0	7
235	  24 M	R	0	11	8	0	1	8
235	  25 M	L	0	8	2	0	2	0
235	  26 M	S	0	6	0	0	0	0
235	  27 M	T	0	7	6	0	0	6
235	  28 M	E	0	9	7	0	2	7
235	  29 M	L	0	8	3	0	1	3
238	  11 X	F	0	11	4	3	0	4
238	  12 X	R	0	11	5	3	0	5
238	  13 X	T	1	7	4	4	0	4
238	  14 X	F	1	11	8	8	0	2
238	  15 X	W	1	14	6	6	0	1
238	  16 X	A	1	5	4	4	0	1
238	  17 X	V	1	7	5	5	0	0
238	  18 X	L	1	8	5	5	0	0
238	  19 X	L	1	8	5	5	0	0
238	  20 X	L	1	8	5	5	0	0
238	  21 X	A	1	5	4	4	0	0
238	  22 X	I	1	8	4	4	0	1
238	  23 X	N	1	8	1	1	0	0
238	  24 X	F	1	11	9	9	0	4
238	  25 X	L	0	8	6	6	0	6
238	  26 X	V	0	7	1	1	0	1
238	  27 X	A	0	5	2	1	0	2
238	  28 X	A	0	5	3	1	0	3
238	  29 X	Y	0	12	3	0	0	3
238	  30 X	Y	0	12	1	0	0	1
238	  31 X	F	0	11	10	1	0	10