H-Nr	AAId	AA	I/A	ges	Kont	Memb	Hel	H2O
26	 185 A	E	0	9	6	0	0	6
26	 186 A	G	0	4	4	0	0	4
26	 187 A	N	0	8	6	1	1	6
26	 188 A	T	0	7	4	0	4	0
26	 189 A	Y	0	12	9	4	2	9
26	 190 A	F	1	11	10	10	0	7
26	 191 A	W	1	14	7	3	7	2
26	 192 A	H	1	10	6	2	5	1
26	 193 A	A	1	5	5	5	0	1
26	 194 A	F	1	11	6	5	2	0
26	 195 A	W	1	14	9	0	9	0
26	 196 A	F	1	11	7	7	6	0
26	 197 A	A	1	5	4	4	0	0
26	 198 A	I	1	8	3	3	1	0
26	 199 A	G	1	4	2	0	2	0
26	 200 A	V	1	7	3	3	0	0
26	 201 A	A	1	5	3	3	1	0
26	 202 A	W	1	14	8	0	8	0
26	 203 A	I	1	8	4	3	2	1
26	 204 A	G	1	4	4	4	0	3
26	 205 A	Y	1	12	9	5	4	5
26	 206 A	W	0	14	3	0	3	0
26	 207 A	S	0	6	2	1	1	1
30	 232 A	D	0	8	4	0	3	3
30	 233 A	R	0	11	9	4	2	8
30	 234 A	K	0	9	8	5	0	7
30	 235 A	V	1	7	4	4	3	4
30	 236 A	A	1	5	2	0	2	0
30	 237 A	M	1	8	4	4	0	2
30	 238 A	G	1	4	3	3	0	0
30	 239 A	F	1	11	8	7	6	1
30	 240 A	L	1	8	4	3	3	0
30	 241 A	A	1	5	4	4	0	0
30	 242 A	A	1	5	3	3	0	0
30	 243 A	T	1	7	3	2	3	0
30	 244 A	I	1	8	4	4	0	0
30	 245 A	L	1	8	4	4	0	0
30	 246 A	I	1	8	4	4	3	0
30	 247 A	V	1	7	3	1	3	0
30	 248 A	V	1	7	3	3	0	2
30	 249 A	M	1	8	6	6	0	4
30	 250 A	A	0	5	3	2	1	3
30	 251 A	M	0	8	3	1	3	3
30	 252 A	S	0	6	4	2	0	4
30	 253 A	S	0	6	5	1	0	5
30	 254 A	A	0	5	3	0	1	3
30	 255 A	N	0	8	6	0	1	6
30	 256 A	S	0	6	5	0	0	5
55	  11 B	H	0	10	6	0	0	6
55	  12 B	A	0	5	5	0	0	5
55	  13 B	E	0	9	5	0	0	5
55	  14 B	A	0	5	1	0	0	1
55	  15 B	V	0	7	4	0	0	4
55	  16 B	Q	0	9	7	0	0	7
55	  17 B	V	0	7	3	0	1	3
55	  18 B	S	0	6	1	0	0	1
55	  19 B	R	0	11	8	0	1	8
55	  20 B	T	0	7	3	0	1	3
55	  21 B	I	0	8	2	0	2	0
55	  22 B	D	0	8	0	0	0	0
55	  23 B	W	0	14	12	4	0	12
55	  24 B	M	0	8	6	1	4	5
55	  25 B	A	0	5	0	0	0	0
55	  26 B	L	1	8	3	3	0	2
55	  27 B	F	1	11	9	7	3	1
55	  28 B	V	1	7	3	0	3	0
55	  29 B	V	1	7	0	0	0	0
55	  30 B	F	1	11	7	7	4	0
55	  31 B	F	1	11	5	3	5	0
55	  32 B	V	1	7	1	0	1	0
55	  33 B	I	1	8	2	0	2	0
55	  34 B	V	1	7	2	0	2	0
55	  35 B	G	1	4	3	0	3	0
55	  36 B	S	1	6	3	2	2	0
55	  37 B	Y	1	12	9	0	9	0
55	  38 B	H	1	10	6	0	6	0
55	  39 B	I	1	8	4	3	2	0
55	  40 B	H	1	10	6	5	2	0
55	  41 B	A	1	5	1	0	1	0
55	  42 B	M	1	8	6	0	2	4
55	  43 B	L	1	8	6	4	0	3
57	  59 B	L	0	8	3	0	0	3
57	  60 B	W	0	14	6	0	6	0
57	  61 B	V	0	7	1	0	1	0
57	  62 B	T	0	7	2	1	0	2
57	  63 B	V	0	7	2	1	0	2
57	  64 B	T	1	7	2	0	2	0
57	  65 B	P	1	7	6	0	6	0
57	  66 B	I	1	8	4	4	0	1
57	  67 B	V	1	7	3	3	0	1
57	  68 B	L	1	8	4	0	4	0
57	  69 B	V	1	7	4	0	4	0
57	  70 B	T	1	7	3	3	0	0
57	  71 B	F	1	11	7	5	7	0
57	  72 B	P	1	7	3	0	3	0
57	  73 B	A	1	5	0	0	0	0
57	  74 B	A	1	5	1	1	0	0
57	  75 B	V	1	7	3	1	3	0
57	  76 B	Q	1	9	4	0	4	0
57	  77 B	S	1	6	4	2	2	3
57	  78 B	Y	0	12	3	0	0	3
57	  79 B	L	0	8	1	0	1	0
57	  80 B	W	0	14	8	0	7	4
57	  81 B	E	0	9	8	1	4	6
59	  88 B	G	1	4	3	0	3	0
59	  89 B	A	1	5	4	0	4	0
59	  90 B	T	1	7	5	0	5	0
59	  91 B	V	1	7	4	1	4	0
59	  92 B	C	1	6	5	0	5	0
59	  93 B	V	1	7	3	0	3	0
59	  94 B	L	1	8	4	3	4	0
59	  95 B	G	1	4	2	0	2	0
59	  96 B	L	1	8	4	0	4	0
59	  97 B	L	1	8	1	0	1	0
59	  98 B	L	1	8	3	3	1	0
59	  99 B	G	1	4	1	0	1	0
59	 100 B	E	1	9	1	0	1	0
59	 101 B	W	1	14	10	7	6	5
59	 102 B	I	1	8	5	4	2	1
59	 103 B	N	1	8	4	0	4	0
59	 104 B	R	0	11	1	0	1	0
59	 105 B	Y	0	12	9	3	0	9
59	 106 B	F	0	11	9	8	0	8
63	 125 B	V	1	7	5	0	5	0
63	 126 B	P	1	7	4	0	4	0
63	 127 B	G	1	4	2	0	2	0
63	 128 B	A	1	5	5	0	5	0
63	 129 B	I	1	8	2	0	2	0
63	 130 B	I	1	8	2	2	1	0
63	 131 B	L	1	8	4	0	4	0
63	 132 B	D	1	8	4	0	4	0
63	 133 B	T	1	7	2	0	2	0
63	 134 B	V	1	7	3	2	2	0
63	 135 B	L	1	8	6	0	6	0
63	 136 B	M	0	8	6	0	5	1
65	 141 B	Y	1	12	7	3	4	4
65	 142 B	L	1	8	6	6	0	4
65	 143 B	F	1	11	6	5	2	1
65	 144 B	T	1	7	4	0	4	0
65	 145 B	A	1	5	1	1	0	0
65	 146 B	I	1	8	3	3	0	0
65	 147 B	V	1	7	4	3	1	0
65	 148 B	G	1	4	3	0	3	0
65	 149 B	A	1	5	1	0	1	0
65	 150 B	M	1	8	4	4	0	0
65	 151 B	G	1	4	1	1	0	0
65	 152 B	W	1	14	10	0	10	0
65	 153 B	G	1	4	0	0	0	0
65	 154 B	L	1	8	5	5	0	3
65	 155 B	I	1	8	5	3	4	0
65	 156 B	F	1	11	7	0	7	0
65	 157 B	Y	1	12	7	0	4	3
65	 158 B	P	1	7	3	2	2	1
65	 159 B	G	1	4	2	0	2	0
65	 160 B	N	0	8	3	0	3	0
65	 161 B	W	0	14	8	0	2	8
65	 162 B	P	0	7	4	0	4	2
65	 163 B	I	0	8	3	0	3	0
65	 164 B	I	0	8	1	0	1	0
75	  51 C	L	0	8	5	2	4	3
75	  52 C	T	1	7	5	5	0	4
75	  53 C	F	1	11	8	8	0	3
75	  54 C	A	1	5	2	2	1	1
75	  55 C	L	1	8	5	3	2	1
75	  56 C	A	1	5	2	2	0	0
75	  57 C	I	1	8	5	5	0	0
75	  58 C	Y	1	12	8	6	5	0
75	  59 C	T	1	7	3	3	1	0
75	  60 C	V	1	7	5	5	0	0
75	  61 C	F	1	11	8	8	1	0
75	  62 C	Y	1	12	7	0	7	0
75	  63 C	L	1	8	6	6	0	1
75	  64 C	W	1	14	12	12	2	5
75	  65 C	V	1	7	0	0	0	0
75	  66 C	R	1	11	7	3	4	5
75	  67 C	W	0	14	13	5	0	13
75	  68 C	Y	0	12	6	2	4	3
75	  69 C	E	0	9	3	0	3	0
75	  70 C	G	0	4	3	0	0	3
75	  71 C	V	0	7	6	0	0	6
75	  72 C	Y	0	12	8	0	7	4
75	  73 C	G	0	4	0	0	0	0
77	  83 C	P	0	7	6	0	0	6
77	  84 C	E	0	9	6	0	0	6
77	  85 C	F	0	11	1	0	0	1
77	  86 C	E	0	9	5	0	0	5
77	  87 C	T	0	7	5	0	0	5
77	  88 C	Y	0	12	11	0	4	9
77	  89 C	W	0	14	3	0	3	0
77	  90 C	M	0	8	3	0	0	3
77	  91 C	N	0	8	5	3	0	5
77	  92 C	F	0	11	7	6	3	5
77	  93 C	L	1	8	2	2	0	2
77	  94 C	Y	1	12	10	6	0	8
77	  95 C	T	1	7	5	5	0	3
77	  96 C	E	1	9	1	1	0	0
77	  97 C	I	1	8	4	4	0	3
77	  98 C	V	1	7	3	3	0	0
77	  99 C	L	1	8	4	4	0	0
77	 100 C	E	1	9	5	4	4	0
77	 101 C	I	1	8	6	6	0	0
77	 102 C	V	1	7	4	4	0	0
77	 103 C	T	1	7	3	3	0	0
77	 104 C	A	1	5	1	1	1	0
77	 105 C	S	1	6	6	6	0	1
77	 106 C	I	1	8	6	6	0	4
77	 107 C	L	1	8	3	3	1	2
77	 108 C	W	0	14	11	5	8	3
77	 109 C	G	0	4	4	2	0	4
77	 110 C	Y	0	12	10	5	0	10
77	 111 C	L	0	8	4	1	3	1
77	 112 C	W	0	14	10	1	2	10
77	 113 C	K	0	9	7	0	0	7
79	 126 C	E	0	9	5	0	0	5
79	 127 C	E	0	9	5	0	0	5
79	 128 C	L	0	8	0	0	0	0
79	 129 C	R	0	11	6	0	0	6
79	 130 C	R	0	11	6	0	3	6
79	 131 C	N	0	8	0	0	0	0
79	 132 C	F	0	11	3	0	3	1
79	 133 C	T	0	7	3	0	2	3
79	 134 C	H	0	10	5	0	5	0
79	 135 C	L	0	8	2	0	2	0
79	 136 C	V	0	7	3	1	3	2
79	 137 C	W	0	14	9	6	7	6
79	 138 C	L	0	8	4	0	4	0
79	 139 C	V	1	7	4	2	4	1
79	 140 C	A	1	5	2	1	2	1
79	 141 C	Y	1	12	5	0	5	0
79	 142 C	A	1	5	2	0	2	0
79	 143 C	W	1	14	10	2	9	0
79	 144 C	A	1	5	3	0	3	0
79	 145 C	I	1	8	5	2	5	0
79	 146 C	Y	1	12	6	2	5	0
79	 147 C	W	1	14	10	3	9	0
79	 148 C	G	1	4	3	0	3	0
79	 149 C	A	1	5	2	1	2	0
79	 150 C	S	1	6	2	0	2	0
79	 151 C	Y	1	12	5	4	3	0
79	 152 C	F	1	11	3	0	3	0
79	 153 C	T	1	7	3	0	3	0
79	 154 C	E	1	9	8	0	8	0
79	 155 C	Q	0	9	3	0	3	0
79	 156 C	D	0	8	0	0	0	0
79	 157 C	G	0	4	2	0	0	2
79	 158 C	T	0	7	0	0	0	0
79	 159 C	W	0	14	0	0	0	0
79	 160 C	H	0	10	2	0	0	2
79	 161 C	Q	0	9	3	0	0	3
79	 162 C	T	0	7	0	0	0	0
83	 180 C	S	1	6	2	0	2	0
83	 181 C	Y	1	12	3	1	2	0
83	 182 C	P	1	7	4	4	2	0
83	 183 C	I	1	8	5	5	3	0
83	 184 C	Y	1	12	6	1	5	0
83	 185 C	I	1	8	3	3	0	0
83	 186 C	I	1	8	5	4	5	0
83	 187 C	T	1	7	5	3	4	0
83	 188 C	G	1	4	2	0	2	0
83	 189 C	F	1	11	6	3	3	2
83	 190 C	A	0	5	1	0	1	0
83	 191 C	A	0	5	2	0	2	0
83	 192 C	F	0	11	6	4	0	6
83	 193 C	I	0	8	4	2	3	4
83	 194 C	Y	0	12	8	0	7	3
83	 195 C	A	0	5	1	0	1	0
83	 196 C	K	0	9	6	0	0	6
83	 197 C	T	0	7	3	0	1	3
83	 198 C	R	0	11	6	0	2	5
115	 185 E	E	0	9	6	0	0	6
115	 186 E	G	0	4	4	0	0	4
115	 187 E	N	0	8	6	1	1	6
115	 188 E	T	0	7	4	0	4	0
115	 189 E	Y	0	12	9	3	3	9
115	 190 E	F	0	11	9	8	0	8
115	 191 E	W	1	14	8	3	8	2
115	 192 E	H	1	10	6	2	5	1
115	 193 E	A	1	5	5	5	0	1
115	 194 E	F	1	11	6	5	2	0
115	 195 E	W	1	14	9	0	9	0
115	 196 E	F	1	11	7	7	6	0
115	 197 E	A	1	5	5	5	0	0
115	 198 E	I	1	8	3	3	1	0
115	 199 E	G	1	4	2	0	2	0
115	 200 E	V	1	7	4	4	0	0
115	 201 E	A	1	5	3	3	1	0
115	 202 E	W	1	14	7	0	7	0
115	 203 E	I	1	8	4	3	2	1
115	 204 E	G	1	4	4	4	0	2
115	 205 E	Y	1	12	9	5	4	6
115	 206 E	W	0	14	3	0	3	0
115	 207 E	S	0	6	2	1	1	1
119	 232 E	D	0	8	5	0	4	3
119	 233 E	R	0	11	8	4	2	7
119	 234 E	K	0	9	8	5	0	7
119	 235 E	V	1	7	4	4	3	4
119	 236 E	A	1	5	3	0	3	0
119	 237 E	M	1	8	5	5	0	2
119	 238 E	G	1	4	3	3	0	0
119	 239 E	F	1	11	8	7	6	1
119	 240 E	L	1	8	4	3	3	0
119	 241 E	A	1	5	3	3	0	0
119	 242 E	A	1	5	3	3	0	0
119	 243 E	T	1	7	3	2	3	0
119	 244 E	I	1	8	4	4	0	0
119	 245 E	L	1	8	4	4	0	0
119	 246 E	I	1	8	4	4	3	0
119	 247 E	V	1	7	3	2	3	0
119	 248 E	V	1	7	3	3	0	2
119	 249 E	M	1	8	6	6	0	4
119	 250 E	A	0	5	3	2	1	3
119	 251 E	M	0	8	3	2	3	3
119	 252 E	S	0	6	4	2	0	4
119	 253 E	S	0	6	5	1	0	5
119	 254 E	A	0	5	3	0	1	3
119	 255 E	N	0	8	6	0	0	6
119	 256 E	S	0	6	5	0	0	5
144	  11 F	H	0	10	6	0	0	6
144	  12 F	A	0	5	5	0	0	5
144	  13 F	E	0	9	5	0	0	5
144	  14 F	A	0	5	1	0	0	1
144	  15 F	V	0	7	4	0	0	4
144	  16 F	Q	0	9	7	0	0	7
144	  17 F	V	0	7	3	0	1	2
144	  18 F	S	0	6	1	0	0	1
144	  19 F	R	0	11	7	0	1	6
144	  20 F	T	0	7	3	0	1	3
144	  21 F	I	0	8	2	0	2	0
144	  22 F	D	0	8	0	0	0	0
144	  23 F	W	0	14	12	5	0	12
144	  24 F	M	0	8	5	2	4	4
144	  25 F	A	0	5	0	0	0	0
144	  26 F	L	1	8	3	3	0	2
144	  27 F	F	1	11	9	6	3	1
144	  28 F	V	1	7	3	0	3	0
144	  29 F	V	1	7	0	0	0	0
144	  30 F	F	1	11	7	7	4	0
144	  31 F	F	1	11	5	3	5	0
144	  32 F	V	1	7	1	0	1	0
144	  33 F	I	1	8	2	0	2	0
144	  34 F	V	1	7	3	0	3	0
144	  35 F	G	1	4	3	0	3	0
144	  36 F	S	1	6	3	2	2	0
144	  37 F	Y	1	12	10	0	10	0
144	  38 F	H	1	10	6	0	6	0
144	  39 F	I	1	8	4	3	2	0
144	  40 F	H	1	10	6	5	2	0
144	  41 F	A	1	5	1	0	1	0
144	  42 F	M	1	8	6	0	3	4
144	  43 F	L	1	8	6	4	0	3
146	  59 F	L	0	8	3	0	0	3
146	  60 F	W	0	14	6	0	6	0
146	  61 F	V	0	7	1	0	1	0
146	  62 F	T	0	7	2	0	0	2
146	  63 F	V	0	7	3	3	0	3
146	  64 F	T	1	7	2	0	2	0
146	  65 F	P	1	7	5	0	5	0
146	  66 F	I	1	8	4	4	0	2
146	  67 F	V	1	7	3	3	0	1
146	  68 F	L	1	8	4	0	4	0
146	  69 F	V	1	7	4	0	4	0
146	  70 F	T	1	7	3	3	0	0
146	  71 F	F	1	11	7	5	7	0
146	  72 F	P	1	7	3	0	3	0
146	  73 F	A	1	5	0	0	0	0
146	  74 F	A	1	5	1	1	0	0
146	  75 F	V	1	7	3	1	3	0
146	  76 F	Q	1	9	4	0	4	0
146	  77 F	S	1	6	4	3	1	3
146	  78 F	Y	0	12	3	1	0	3
146	  79 F	L	0	8	1	0	1	0
146	  80 F	W	0	14	8	0	7	4
146	  81 F	E	0	9	8	1	4	5
148	  88 F	G	1	4	3	0	3	0
148	  89 F	A	1	5	3	0	3	0
148	  90 F	T	1	7	5	0	5	0
148	  91 F	V	1	7	3	1	3	0
148	  92 F	C	1	6	5	0	5	0
148	  93 F	V	1	7	3	0	3	0
148	  94 F	L	1	8	4	3	4	0
148	  95 F	G	1	4	2	0	2	0
148	  96 F	L	1	8	4	0	4	0
148	  97 F	L	1	8	1	0	1	0
148	  98 F	L	1	8	3	3	1	0
148	  99 F	G	1	4	1	0	1	0
148	 100 F	E	1	9	1	0	1	0
148	 101 F	W	1	14	10	7	6	5
148	 102 F	I	1	8	5	4	2	1
148	 103 F	N	0	8	4	0	4	0
148	 104 F	R	0	11	1	0	1	0
148	 105 F	Y	0	12	9	3	1	9
148	 106 F	F	0	11	9	7	1	8
152	 125 F	V	1	7	5	0	5	0
152	 126 F	P	1	7	4	0	4	0
152	 127 F	G	1	4	2	0	2	0
152	 128 F	A	1	5	3	0	3	0
152	 129 F	I	1	8	3	0	3	0
152	 130 F	I	1	8	3	3	2	0
152	 131 F	L	1	8	4	0	4	0
152	 132 F	D	1	8	4	0	4	0
152	 133 F	T	1	7	3	0	3	0
152	 134 F	V	1	7	3	2	2	0
152	 135 F	L	1	8	6	0	6	0
152	 136 F	M	0	8	6	0	5	1
154	 141 F	Y	1	12	8	4	5	4
154	 142 F	L	1	8	6	6	0	3
154	 143 F	F	1	11	6	5	2	1
154	 144 F	T	1	7	4	0	4	0
154	 145 F	A	1	5	1	1	0	0
154	 146 F	I	1	8	3	3	0	0
154	 147 F	V	1	7	4	3	1	0
154	 148 F	G	1	4	3	0	3	0
154	 149 F	A	1	5	1	0	1	0
154	 150 F	M	1	8	4	4	0	0
154	 151 F	G	1	4	1	1	0	0
154	 152 F	W	1	14	10	0	10	0
154	 153 F	G	1	4	1	0	1	0
154	 154 F	L	1	8	5	5	0	3
154	 155 F	I	1	8	5	3	4	0
154	 156 F	F	1	11	7	0	7	0
154	 157 F	Y	1	12	7	0	4	3
154	 158 F	P	1	7	4	2	3	2
154	 159 F	G	1	4	2	0	2	0
154	 160 F	N	0	8	2	0	2	0
154	 161 F	W	0	14	8	0	2	8
154	 162 F	P	0	7	4	0	4	2
154	 163 F	I	0	8	3	0	3	0
154	 164 F	I	0	8	1	0	1	0
164	  51 G	L	0	8	5	2	4	3
164	  52 G	T	1	7	5	5	0	4
164	  53 G	F	1	11	7	7	0	3
164	  54 G	A	1	5	2	2	1	1
164	  55 G	L	1	8	5	3	2	2
164	  56 G	A	1	5	2	2	0	0
164	  57 G	I	1	8	5	5	0	0
164	  58 G	Y	1	12	8	6	7	0
164	  59 G	T	1	7	3	3	1	0
164	  60 G	V	1	7	5	5	0	0
164	  61 G	F	1	11	8	8	1	0
164	  62 G	Y	1	12	7	0	7	0
164	  63 G	L	1	8	6	6	0	2
164	  64 G	W	1	14	12	12	2	5
164	  65 G	V	1	7	0	0	0	0
164	  66 G	R	0	11	7	2	5	5
164	  67 G	W	0	14	13	4	0	13
164	  68 G	Y	0	12	6	1	4	3
164	  69 G	E	0	9	2	0	2	0
164	  70 G	G	0	4	3	0	0	3
164	  71 G	V	0	7	6	0	0	6
164	  72 G	Y	0	12	8	0	7	4
164	  73 G	G	0	4	0	0	0	0
166	  83 G	P	0	7	6	0	0	6
166	  84 G	E	0	9	6	0	0	6
166	  85 G	F	0	11	1	0	0	1
166	  86 G	E	0	9	5	0	0	5
166	  87 G	T	0	7	5	0	0	5
166	  88 G	Y	0	12	11	0	4	9
166	  89 G	W	0	14	3	0	3	0
166	  90 G	M	0	8	3	0	0	3
166	  91 G	N	0	8	5	2	0	5
166	  92 G	F	0	11	7	5	3	5
166	  93 G	L	1	8	2	2	0	2
166	  94 G	Y	1	12	9	4	0	8
166	  95 G	T	1	7	5	5	0	2
166	  96 G	E	1	9	1	1	0	0
166	  97 G	I	1	8	4	4	0	3
166	  98 G	V	1	7	4	4	0	0
166	  99 G	L	1	8	4	4	0	0
166	 100 G	E	1	9	7	5	5	0
166	 101 G	I	1	8	6	6	0	0
166	 102 G	V	1	7	4	4	0	0
166	 103 G	T	1	7	3	3	0	0
166	 104 G	A	1	5	2	2	1	0
166	 105 G	S	1	6	6	6	0	1
166	 106 G	I	1	8	6	6	0	4
166	 107 G	L	1	8	3	3	1	1
166	 108 G	W	0	14	11	5	7	3
166	 109 G	G	0	4	4	2	0	4
166	 110 G	Y	0	12	11	5	0	11
166	 111 G	L	0	8	3	1	2	1
166	 112 G	W	0	14	10	1	2	10
166	 113 G	K	0	9	7	0	0	7
168	 126 G	E	0	9	5	0	0	5
168	 127 G	E	0	9	6	0	0	6
168	 128 G	L	0	8	0	0	0	0
168	 129 G	R	0	11	6	0	0	6
168	 130 G	R	0	11	6	0	3	6
168	 131 G	N	0	8	1	0	0	1
168	 132 G	F	0	11	3	0	3	1
168	 133 G	T	0	7	3	0	2	3
168	 134 G	H	0	10	5	0	5	0
168	 135 G	L	0	8	2	0	2	0
168	 136 G	V	0	7	3	1	3	1
168	 137 G	W	0	14	9	6	7	6
168	 138 G	L	0	8	3	0	3	0
168	 139 G	V	1	7	4	2	4	2
168	 140 G	A	1	5	2	1	2	1
168	 141 G	Y	1	12	5	0	5	0
168	 142 G	A	1	5	2	0	2	0
168	 143 G	W	1	14	10	2	9	0
168	 144 G	A	1	5	4	0	4	0
168	 145 G	I	1	8	5	2	5	0
168	 146 G	Y	1	12	7	3	5	0
168	 147 G	W	1	14	9	3	7	0
168	 148 G	G	1	4	3	0	3	0
168	 149 G	A	1	5	3	1	3	0
168	 150 G	S	1	6	2	0	2	0
168	 151 G	Y	1	12	5	4	3	1
168	 152 G	F	1	11	3	0	3	0
168	 153 G	T	1	7	3	0	3	0
168	 154 G	E	0	9	8	0	8	0
168	 155 G	Q	0	9	2	0	2	0
168	 156 G	D	0	8	0	0	0	0
168	 157 G	G	0	4	2	0	0	2
168	 158 G	T	0	7	0	0	0	0
168	 159 G	W	0	14	0	0	0	0
168	 160 G	H	0	10	2	0	0	2
168	 161 G	Q	0	9	3	0	0	3
168	 162 G	T	0	7	0	0	0	0
172	 180 G	S	1	6	2	0	2	0
172	 181 G	Y	1	12	3	1	2	0
172	 182 G	P	1	7	4	4	2	0
172	 183 G	I	1	8	5	5	3	0
172	 184 G	Y	1	12	6	1	5	0
172	 185 G	I	1	8	3	3	0	0
172	 186 G	I	1	8	5	4	5	0
172	 187 G	T	1	7	5	3	4	0
172	 188 G	G	1	4	2	0	2	0
172	 189 G	F	1	11	6	3	3	2
172	 190 G	A	1	5	1	0	1	0
172	 191 G	A	0	5	2	0	2	0
172	 192 G	F	0	11	6	4	0	6
172	 193 G	I	0	8	4	3	3	4
172	 194 G	Y	0	12	8	0	7	2
172	 195 G	A	0	5	1	0	1	0
172	 196 G	K	0	9	6	0	0	6
172	 197 G	T	0	7	4	0	1	4
172	 198 G	R	0	11	6	0	2	5
206	 185 I	E	0	9	6	0	0	6
206	 186 I	G	0	4	4	0	0	4
206	 187 I	N	0	8	6	1	1	6
206	 188 I	T	0	7	4	0	4	0
206	 189 I	Y	0	12	9	4	2	9
206	 190 I	F	0	11	10	9	0	7
206	 191 I	W	1	14	8	2	8	2
206	 192 I	H	1	10	6	2	5	1
206	 193 I	A	1	5	5	5	0	1
206	 194 I	F	1	11	6	5	2	0
206	 195 I	W	1	14	9	0	9	0
206	 196 I	F	1	11	7	7	6	0
206	 197 I	A	1	5	4	4	0	0
206	 198 I	I	1	8	3	3	1	0
206	 199 I	G	1	4	2	0	2	0
206	 200 I	V	1	7	4	4	0	0
206	 201 I	A	1	5	3	3	1	0
206	 202 I	W	1	14	9	0	9	0
206	 203 I	I	1	8	4	3	2	1
206	 204 I	G	1	4	4	4	0	3
206	 205 I	Y	1	12	10	5	5	5
206	 206 I	W	0	14	3	0	3	0
206	 207 I	S	0	6	2	1	1	1
210	 232 I	D	0	8	5	0	4	3
210	 233 I	R	0	11	8	4	2	7
210	 234 I	K	0	9	8	5	0	7
210	 235 I	V	1	7	4	4	3	2
210	 236 I	A	1	5	3	0	3	0
210	 237 I	M	1	8	5	5	0	2
210	 238 I	G	1	4	3	3	0	0
210	 239 I	F	1	11	8	8	6	1
210	 240 I	L	1	8	4	3	3	0
210	 241 I	A	1	5	4	4	0	0
210	 242 I	A	1	5	3	3	0	0
210	 243 I	T	1	7	3	2	3	0
210	 244 I	I	1	8	4	4	0	0
210	 245 I	L	1	8	4	4	0	0
210	 246 I	I	1	8	4	4	3	0
210	 247 I	V	1	7	3	2	3	1
210	 248 I	V	1	7	3	3	0	2
210	 249 I	M	1	8	6	5	0	3
210	 250 I	A	0	5	3	2	1	2
210	 251 I	M	0	8	3	2	3	3
210	 252 I	S	0	6	4	2	0	4
210	 253 I	S	0	6	5	1	0	5
210	 254 I	A	0	5	3	0	1	3
210	 255 I	N	0	8	6	0	1	6
210	 256 I	S	0	6	5	0	0	5
235	  11 J	H	0	10	6	0	0	6
235	  12 J	A	0	5	5	0	0	5
235	  13 J	E	0	9	5	0	0	5
235	  14 J	A	0	5	1	0	0	1
235	  15 J	V	0	7	4	0	0	4
235	  16 J	Q	0	9	7	0	0	7
235	  17 J	V	0	7	3	0	1	2
235	  18 J	S	0	6	1	0	0	1
235	  19 J	R	0	11	7	0	1	6
235	  20 J	T	0	7	3	0	1	3
235	  21 J	I	0	8	1	0	1	0
235	  22 J	D	0	8	0	0	0	0
235	  23 J	W	0	14	12	5	0	12
235	  24 J	M	0	8	5	3	4	5
235	  25 J	A	0	5	0	0	0	0
235	  26 J	L	1	8	3	3	0	2
235	  27 J	F	1	11	9	6	3	1
235	  28 J	V	1	7	4	0	4	0
235	  29 J	V	1	7	0	0	0	0
235	  30 J	F	1	11	7	7	4	0
235	  31 J	F	1	11	5	3	5	0
235	  32 J	V	1	7	1	0	1	0
235	  33 J	I	1	8	2	0	2	0
235	  34 J	V	1	7	3	0	3	0
235	  35 J	G	1	4	3	0	3	0
235	  36 J	S	1	6	3	2	2	0
235	  37 J	Y	1	12	10	0	10	0
235	  38 J	H	1	10	6	0	6	0
235	  39 J	I	1	8	4	3	2	0
235	  40 J	H	1	10	6	5	2	0
235	  41 J	A	1	5	1	0	1	0
235	  42 J	M	1	8	6	0	2	4
235	  43 J	L	1	8	6	4	0	3
237	  59 J	L	0	8	3	0	0	3
237	  60 J	W	0	14	6	0	6	0
237	  61 J	V	0	7	1	0	1	0
237	  62 J	T	0	7	2	1	0	2
237	  63 J	V	0	7	3	3	0	3
237	  64 J	T	1	7	2	0	2	0
237	  65 J	P	1	7	5	0	5	0
237	  66 J	I	1	8	4	4	0	2
237	  67 J	V	1	7	4	4	0	1
237	  68 J	L	1	8	4	0	4	0
237	  69 J	V	1	7	4	0	4	0
237	  70 J	T	1	7	3	3	0	0
237	  71 J	F	1	11	7	5	7	0
237	  72 J	P	1	7	3	0	3	0
237	  73 J	A	1	5	0	0	0	0
237	  74 J	A	1	5	1	1	0	0
237	  75 J	V	1	7	3	1	3	0
237	  76 J	Q	1	9	4	0	4	0
237	  77 J	S	1	6	4	2	2	3
237	  78 J	Y	0	12	3	0	0	3
237	  79 J	L	0	8	1	0	1	0
237	  80 J	W	0	14	9	0	7	4
237	  81 J	E	0	9	8	1	4	6
239	  88 J	G	1	4	3	0	3	0
239	  89 J	A	1	5	4	0	4	0
239	  90 J	T	1	7	5	0	5	0
239	  91 J	V	1	7	3	1	3	0
239	  92 J	C	1	6	5	0	5	0
239	  93 J	V	1	7	3	0	3	0
239	  94 J	L	1	8	4	2	4	0
239	  95 J	G	1	4	3	0	3	0
239	  96 J	L	1	8	4	0	4	0
239	  97 J	L	1	8	1	0	1	0
239	  98 J	L	1	8	3	3	1	0
239	  99 J	G	1	4	1	0	1	0
239	 100 J	E	1	9	3	0	3	0
239	 101 J	W	1	14	10	7	6	5
239	 102 J	I	1	8	5	4	2	0
239	 103 J	N	0	8	4	0	4	0
239	 104 J	R	0	11	1	0	1	0
239	 105 J	Y	0	12	9	2	0	9
239	 106 J	F	0	11	9	7	1	8
243	 125 J	V	1	7	4	0	4	0
243	 126 J	P	1	7	4	0	4	0
243	 127 J	G	1	4	2	0	2	0
243	 128 J	A	1	5	4	0	4	0
243	 129 J	I	1	8	3	0	3	0
243	 130 J	I	1	8	4	2	3	0
243	 131 J	L	1	8	4	0	4	0
243	 132 J	D	1	8	4	0	4	0
243	 133 J	T	1	7	3	0	3	0
243	 134 J	V	1	7	3	2	2	0
243	 135 J	L	1	8	6	0	6	0
243	 136 J	M	0	8	5	0	4	1
245	 141 J	Y	1	12	7	4	4	4
245	 142 J	L	1	8	6	6	0	4
245	 143 J	F	1	11	6	5	2	1
245	 144 J	T	1	7	3	0	3	0
245	 145 J	A	1	5	1	1	0	0
245	 146 J	I	1	8	3	3	0	0
245	 147 J	V	1	7	4	3	1	0
245	 148 J	G	1	4	3	0	3	0
245	 149 J	A	1	5	1	0	1	0
245	 150 J	M	1	8	4	4	0	0
245	 151 J	G	1	4	1	1	0	0
245	 152 J	W	1	14	10	0	10	0
245	 153 J	G	1	4	0	0	0	0
245	 154 J	L	1	8	5	5	0	3
245	 155 J	I	1	8	5	3	4	0
245	 156 J	F	1	11	7	0	7	0
245	 157 J	Y	1	12	6	0	4	2
245	 158 J	P	1	7	3	2	2	2
245	 159 J	G	1	4	2	0	2	0
245	 160 J	N	0	8	2	0	2	0
245	 161 J	W	0	14	7	0	2	7
245	 162 J	P	0	7	4	0	4	2
245	 163 J	I	0	8	3	0	3	0
245	 164 J	I	0	8	1	0	1	0
255	  51 K	L	0	8	5	2	4	3
255	  52 K	T	1	7	5	5	0	4
255	  53 K	F	1	11	8	8	0	3
255	  54 K	A	1	5	2	2	1	1
255	  55 K	L	1	8	5	3	2	1
255	  56 K	A	1	5	2	2	0	0
255	  57 K	I	1	8	5	5	0	0
255	  58 K	Y	1	12	8	6	7	0
255	  59 K	T	1	7	3	3	1	0
255	  60 K	V	1	7	5	5	0	0
255	  61 K	F	1	11	8	8	1	0
255	  62 K	Y	1	12	7	0	7	0
255	  63 K	L	1	8	6	6	1	3
255	  64 K	W	1	14	12	12	2	4
255	  65 K	V	1	7	0	0	0	0
255	  66 K	R	0	11	7	1	5	5
255	  67 K	W	0	14	13	3	0	13
255	  68 K	Y	0	12	6	2	4	3
255	  69 K	E	0	9	2	0	2	0
255	  70 K	G	0	4	3	0	0	3
255	  71 K	V	0	7	6	0	0	6
255	  72 K	Y	0	12	8	0	7	4
255	  73 K	G	0	4	0	0	0	0
257	  83 K	P	0	7	6	0	0	6
257	  84 K	E	0	9	6	0	0	6
257	  85 K	F	0	11	1	0	0	1
257	  86 K	E	0	9	5	0	0	5
257	  87 K	T	0	7	5	0	0	5
257	  88 K	Y	0	12	11	0	4	9
257	  89 K	W	0	14	2	0	2	0
257	  90 K	M	0	8	3	0	0	3
257	  91 K	N	0	8	5	3	0	5
257	  92 K	F	0	11	7	5	3	6
257	  93 K	L	1	8	2	2	0	1
257	  94 K	Y	1	12	10	6	0	8
257	  95 K	T	1	7	5	5	0	3
257	  96 K	E	1	9	1	1	0	0
257	  97 K	I	1	8	4	4	0	3
257	  98 K	V	1	7	3	3	0	0
257	  99 K	L	1	8	4	4	0	0
257	 100 K	E	1	9	7	5	5	0
257	 101 K	I	1	8	6	6	0	0
257	 102 K	V	1	7	3	3	0	0
257	 103 K	T	1	7	3	3	0	0
257	 104 K	A	1	5	1	1	1	0
257	 105 K	S	1	6	6	6	0	1
257	 106 K	I	1	8	6	6	0	4
257	 107 K	L	1	8	3	3	1	1
257	 108 K	W	0	14	11	4	7	3
257	 109 K	G	0	4	4	2	0	4
257	 110 K	Y	0	12	10	5	0	10
257	 111 K	L	0	8	4	1	3	1
257	 112 K	W	0	14	10	1	2	10
257	 113 K	K	0	9	7	0	0	7
259	 126 K	E	0	9	5	0	0	5
259	 127 K	E	0	9	6	0	0	6
259	 128 K	L	0	8	0	0	0	0
259	 129 K	R	0	11	6	0	0	6
259	 130 K	R	0	11	6	0	3	6
259	 131 K	N	0	8	1	0	0	1
259	 132 K	F	0	11	3	0	3	2
259	 133 K	T	0	7	3	0	2	3
259	 134 K	H	0	10	5	0	5	0
259	 135 K	L	0	8	2	0	2	0
259	 136 K	V	0	7	3	1	3	1
259	 137 K	W	0	14	9	6	7	5
259	 138 K	L	0	8	3	0	3	0
259	 139 K	V	1	7	4	2	4	1
259	 140 K	A	1	5	2	1	2	1
259	 141 K	Y	1	12	5	0	5	0
259	 142 K	A	1	5	2	0	2	0
259	 143 K	W	1	14	9	3	8	0
259	 144 K	A	1	5	4	0	4	0
259	 145 K	I	1	8	3	2	3	0
259	 146 K	Y	1	12	6	2	5	0
259	 147 K	W	1	14	9	3	8	0
259	 148 K	G	1	4	3	0	3	0
259	 149 K	A	1	5	2	1	2	0
259	 150 K	S	1	6	2	0	2	0
259	 151 K	Y	1	12	4	4	2	1
259	 152 K	F	1	11	3	0	3	0
259	 153 K	T	1	7	3	0	3	0
259	 154 K	E	0	9	8	0	8	0
259	 155 K	Q	0	9	3	0	3	0
259	 156 K	D	0	8	0	0	0	0
259	 157 K	G	0	4	2	0	0	2
259	 158 K	T	0	7	0	0	0	0
259	 159 K	W	0	14	0	0	0	0
259	 160 K	H	0	10	2	0	0	2
259	 161 K	Q	0	9	3	0	0	3
259	 162 K	T	0	7	0	0	0	0
263	 180 K	S	1	6	2	0	2	0
263	 181 K	Y	1	12	3	1	2	0
263	 182 K	P	1	7	4	4	2	0
263	 183 K	I	1	8	5	5	3	0
263	 184 K	Y	1	12	6	1	5	0
263	 185 K	I	1	8	3	3	0	0
263	 186 K	I	1	8	5	4	5	0
263	 187 K	T	1	7	5	3	4	0
263	 188 K	G	1	4	2	0	2	0
263	 189 K	F	1	11	7	4	3	2
263	 190 K	A	0	5	1	0	1	0
263	 191 K	A	0	5	2	0	2	0
263	 192 K	F	0	11	6	5	0	6
263	 193 K	I	0	8	4	2	2	4
263	 194 K	Y	0	12	8	0	7	3
263	 195 K	A	0	5	1	0	1	0
263	 196 K	K	0	9	6	0	0	6
263	 197 K	T	0	7	3	0	1	3
263	 198 K	R	0	11	6	0	2	5
