H-Nr	AAId	AA	I/A	ges	Kont	Memb	Hel	H2O
2	  26 A	H	0	10	0	0	0	0
2	  27 A	K	0	9	3	0	0	3
2	  28 A	D	0	8	3	0	0	3
2	  29 A	I	0	8	2	0	2	0
2	  30 A	G	0	4	0	0	0	0
2	  31 A	V	0	7	1	1	0	1
2	  32 A	L	1	8	4	1	3	1
2	  33 A	Y	1	12	6	0	6	0
2	  34 A	L	1	8	2	0	2	0
2	  35 A	F	1	11	9	9	2	3
2	  36 A	T	1	7	4	4	3	0
2	  37 A	G	1	4	2	0	2	0
2	  38 A	G	1	4	2	2	0	0
2	  39 A	L	1	8	6	6	0	0
2	  40 A	V	1	7	4	1	4	0
2	  41 A	G	1	4	2	0	2	0
2	  42 A	L	1	8	5	4	5	0
2	  43 A	I	1	8	5	5	1	0
2	  44 A	S	1	6	2	0	2	0
2	  45 A	V	1	7	2	0	2	0
2	  46 A	A	1	5	3	3	0	0
2	  47 A	F	1	11	7	4	4	0
2	  48 A	T	1	7	1	0	1	0
2	  49 A	V	1	7	3	2	1	0
2	  50 A	Y	1	12	3	3	1	1
2	  51 A	M	1	8	6	0	6	0
2	  52 A	R	1	11	8	0	8	0
2	  53 A	M	0	8	1	0	1	0
2	  54 A	E	0	9	1	0	1	0
2	  55 A	L	0	8	4	0	4	0
6	  92 A	G	0	4	1	0	0	1
6	  93 A	H	0	10	3	0	0	3
6	  94 A	L	0	8	4	1	0	4
6	  95 A	W	0	14	3	0	3	0
6	  96 A	N	0	8	2	0	0	2
6	  97 A	V	0	7	2	1	0	2
6	  98 A	M	0	8	3	2	2	1
6	  99 A	I	0	8	2	0	2	0
6	 100 A	T	1	7	0	0	0	0
6	 101 A	G	1	4	0	0	0	0
6	 102 A	H	1	10	8	0	8	0
6	 103 A	G	1	4	0	0	0	0
6	 104 A	I	1	8	0	0	0	0
6	 105 A	L	1	8	4	0	4	0
6	 106 A	M	1	8	3	0	3	0
6	 107 A	M	1	8	4	0	4	0
6	 108 A	F	1	11	6	0	6	0
6	 109 A	F	1	11	8	0	8	0
6	 110 A	V	1	7	2	0	2	0
6	 111 A	V	1	7	3	0	3	0
6	 112 A	I	1	8	2	0	2	0
6	 113 A	P	1	7	4	0	4	0
6	 114 A	A	1	5	1	0	1	0
6	 115 A	L	1	8	4	0	4	0
10	 136 A	P	0	7	3	0	0	3
10	 137 A	R	0	11	8	4	0	7
10	 138 A	M	1	8	6	5	2	3
10	 139 A	N	1	8	2	0	2	0
10	 140 A	N	1	8	4	3	2	3
10	 141 A	L	1	8	4	4	2	0
10	 142 A	S	1	6	4	0	4	0
10	 143 A	Y	1	12	9	1	9	0
10	 144 A	W	1	14	10	10	0	0
10	 145 A	L	1	8	3	2	3	0
10	 146 A	Y	1	12	9	0	9	0
10	 147 A	V	1	7	3	3	0	0
10	 148 A	A	1	5	3	2	2	0
10	 149 A	G	1	4	4	0	4	0
10	 150 A	T	1	7	5	2	5	0
10	 151 A	S	1	6	4	4	0	0
10	 152 A	L	1	8	4	3	3	0
10	 153 A	A	1	5	3	0	3	0
10	 154 A	V	1	7	3	3	0	0
10	 155 A	A	1	5	3	3	0	2
10	 156 A	S	1	6	2	0	2	0
14	 186 A	S	0	6	3	0	3	0
14	 187 A	T	0	7	2	0	2	0
14	 188 A	D	0	8	4	1	2	3
14	 189 A	L	1	8	4	3	1	3
14	 190 A	A	1	5	0	0	0	0
14	 191 A	I	1	8	3	0	3	0
14	 192 A	F	1	11	7	7	3	2
14	 193 A	A	1	5	3	0	3	0
14	 194 A	V	1	7	4	2	3	0
14	 195 A	H	1	10	9	9	4	0
14	 196 A	L	1	8	5	4	3	0
14	 197 A	S	1	6	2	0	2	0
14	 198 A	G	1	4	2	2	1	0
14	 199 A	A	1	5	3	3	1	0
14	 200 A	S	1	6	2	0	2	0
14	 201 A	S	1	6	2	0	2	0
14	 202 A	I	1	8	4	3	2	0
14	 203 A	L	1	8	4	3	4	0
14	 204 A	G	1	4	1	0	1	0
14	 205 A	A	1	5	2	0	2	0
14	 206 A	I	1	8	5	5	2	1
14	 207 A	N	1	8	1	0	1	0
14	 208 A	M	1	8	3	0	3	0
14	 209 A	I	1	8	5	2	5	1
14	 210 A	T	0	7	4	4	0	4
14	 211 A	T	0	7	0	0	0	0
14	 212 A	F	0	11	7	0	7	0
14	 213 A	L	0	8	5	4	2	5
14	 214 A	N	0	8	7	0	0	7
16	 227 A	L	0	8	5	0	4	3
16	 228 A	F	0	11	4	0	4	0
16	 229 A	A	0	5	0	0	0	0
16	 230 A	W	1	14	9	2	8	2
16	 231 A	S	1	6	2	0	2	0
16	 232 A	I	1	8	1	0	1	0
16	 233 A	F	1	11	7	3	7	1
16	 234 A	V	1	7	3	3	3	0
16	 235 A	T	1	7	3	0	3	0
16	 236 A	A	1	5	4	0	4	0
16	 237 A	W	1	14	12	12	7	0
16	 238 A	L	1	8	4	1	4	0
16	 239 A	I	1	8	5	0	5	0
16	 240 A	L	1	8	6	5	3	0
16	 241 A	L	1	8	5	5	0	0
16	 242 A	A	1	5	2	0	2	0
16	 243 A	L	1	8	5	3	4	0
16	 244 A	P	1	7	6	5	2	0
16	 245 A	V	1	7	5	5	3	1
16	 246 A	L	1	8	4	2	4	0
16	 247 A	A	1	5	3	3	1	0
16	 248 A	G	1	4	2	2	0	1
16	 249 A	A	1	5	1	0	1	0
16	 250 A	I	1	8	4	1	4	0
16	 251 A	T	1	7	3	3	2	1
16	 252 A	M	0	8	4	3	1	4
16	 253 A	L	0	8	4	0	4	0
16	 254 A	L	0	8	3	2	2	3
16	 255 A	T	0	7	3	1	0	3
16	 256 A	D	0	8	1	0	0	1
16	 257 A	R	0	11	9	0	5	7
16	 258 A	N	0	8	7	0	1	7
18	 272 A	P	0	7	1	0	0	1
18	 273 A	V	0	7	2	0	0	2
18	 274 A	L	0	8	5	0	0	5
18	 275 A	Y	0	12	3	0	3	0
18	 276 A	Q	0	9	0	0	0	0
18	 277 A	H	0	10	8	5	0	8
18	 278 A	I	0	8	4	3	3	3
18	 279 A	L	1	8	1	0	1	0
18	 280 A	W	1	14	0	0	0	0
18	 281 A	F	1	11	7	7	3	1
18	 282 A	F	1	11	7	0	7	0
18	 283 A	G	1	4	0	0	0	0
18	 284 A	H	1	10	0	0	0	0
18	 285 A	P	1	7	2	0	2	0
18	 286 A	E	1	9	4	0	4	0
18	 287 A	V	1	7	0	0	0	0
18	 288 A	Y	1	12	4	0	4	0
18	 289 A	I	1	8	5	0	5	0
18	 290 A	I	1	8	5	0	5	0
18	 291 A	V	1	7	1	0	1	0
18	 292 A	L	1	8	5	0	5	0
18	 293 A	P	1	7	4	0	4	0
18	 294 A	A	1	5	0	0	0	0
18	 295 A	F	1	11	8	0	8	0
18	 296 A	G	1	4	1	0	1	0
18	 297 A	I	1	8	4	0	4	0
18	 298 A	V	1	7	3	0	3	0
18	 299 A	S	0	6	4	0	3	2
18	 300 A	H	0	10	8	0	4	7
18	 301 A	V	0	7	3	0	3	0
18	 302 A	I	0	8	3	0	3	0
18	 303 A	A	0	5	1	0	0	1
18	 304 A	T	0	7	3	0	3	1
18	 305 A	F	0	11	6	0	5	1
18	 306 A	A	0	5	0	0	0	0
20	 313 A	Y	0	12	8	0	3	7
20	 314 A	L	0	8	5	3	0	5
20	 315 A	P	1	7	5	5	1	3
20	 316 A	M	1	8	3	0	3	0
20	 317 A	V	1	7	2	1	2	1
20	 318 A	Y	1	12	10	10	0	4
20	 319 A	A	1	5	3	3	1	0
20	 320 A	M	1	8	4	0	4	0
20	 321 A	V	1	7	4	4	1	0
20	 322 A	A	1	5	2	2	1	0
20	 323 A	I	1	8	3	0	3	0
20	 324 A	G	1	4	2	1	2	0
20	 325 A	V	1	7	4	4	0	0
20	 326 A	L	1	8	4	3	4	0
22	 342 A	L	0	8	5	0	4	4
22	 343 A	T	0	7	5	0	0	5
22	 344 A	Q	0	9	5	0	0	5
22	 345 A	Q	0	9	1	0	0	1
22	 346 A	S	0	6	2	0	2	1
22	 347 A	Y	0	12	8	8	0	6
22	 348 A	F	0	11	2	2	0	2
22	 349 A	M	0	8	3	0	3	0
22	 350 A	M	1	8	4	4	0	3
22	 351 A	A	1	5	3	3	0	0
22	 352 A	T	1	7	2	0	2	0
22	 353 A	M	1	8	2	0	2	0
22	 354 A	V	1	7	3	2	2	0
22	 355 A	I	1	8	3	0	3	0
22	 356 A	A	1	5	1	0	1	0
22	 357 A	V	1	7	3	3	2	0
22	 358 A	P	1	7	3	3	2	0
22	 359 A	T	1	7	5	0	5	0
22	 360 A	G	1	4	0	0	0	0
22	 361 A	I	1	8	3	3	2	0
22	 362 A	K	1	9	5	0	5	0
22	 363 A	I	1	8	0	0	0	0
22	 364 A	F	1	11	4	2	3	0
22	 365 A	S	1	6	2	1	2	1
22	 366 A	W	1	14	10	0	10	0
22	 367 A	I	1	8	3	0	3	0
22	 368 A	A	1	5	1	0	1	0
22	 369 A	T	0	7	2	0	2	0
22	 370 A	M	0	8	3	0	3	0
24	 379 A	T	0	7	4	0	4	0
24	 380 A	P	0	7	5	0	5	0
24	 381 A	M	0	8	4	0	4	0
24	 382 A	L	1	8	5	1	5	1
24	 383 A	W	1	14	10	0	10	0
24	 384 A	A	1	5	1	0	1	0
24	 385 A	L	1	8	2	0	2	0
24	 386 A	G	1	4	0	0	0	0
24	 387 A	F	1	11	6	0	6	0
24	 388 A	L	1	8	4	0	4	0
24	 389 A	F	1	11	5	4	4	0
24	 390 A	L	1	8	3	0	3	0
24	 391 A	F	1	11	4	0	4	0
24	 392 A	T	1	7	2	0	2	0
24	 393 A	V	1	7	3	1	2	0
24	 394 A	G	1	4	4	0	4	0
24	 395 A	G	1	4	0	0	0	0
24	 396 A	V	1	7	3	0	3	0
24	 397 A	T	1	7	2	0	2	0
24	 398 A	G	1	4	2	0	2	0
24	 399 A	I	1	8	2	0	2	0
24	 400 A	V	1	7	3	0	3	0
24	 401 A	L	1	8	3	0	3	0
24	 402 A	S	1	6	3	0	3	0
28	 414 A	Y	0	12	4	0	4	0
28	 415 A	Y	0	12	7	0	7	0
28	 416 A	V	0	7	1	0	1	0
28	 417 A	V	1	7	2	0	2	0
28	 418 A	A	1	5	1	0	1	0
28	 419 A	H	1	10	6	0	6	0
28	 420 A	F	1	11	0	0	0	0
28	 421 A	H	1	10	5	0	5	0
28	 422 A	Y	1	12	8	2	8	0
28	 423 A	V	1	7	3	0	3	0
28	 424 A	M	1	8	3	0	3	0
30	 428 A	A	1	5	2	0	2	0
30	 429 A	V	1	7	3	0	3	0
30	 430 A	F	1	11	8	0	8	0
30	 431 A	G	1	4	0	0	0	0
30	 432 A	I	1	8	2	0	2	0
30	 433 A	F	1	11	6	0	6	0
30	 434 A	A	1	5	3	0	3	0
30	 435 A	G	1	4	0	0	0	0
30	 436 A	I	1	8	2	0	2	0
30	 437 A	Y	0	12	8	0	8	0
30	 438 A	F	0	11	9	0	9	1
30	 439 A	W	0	14	2	0	2	0
30	 440 A	I	0	8	2	0	2	0
30	 441 A	G	0	4	0	0	0	0
30	 442 A	K	0	9	0	0	0	0
30	 443 A	M	0	8	2	0	2	0
30	 444 A	S	0	6	2	0	1	2
34	 450 A	E	0	9	5	0	1	4
34	 451 A	W	0	14	8	3	1	8
34	 452 A	A	0	5	2	0	2	0
34	 453 A	G	1	4	2	0	2	0
34	 454 A	K	1	9	6	3	3	4
34	 455 A	L	1	8	5	5	3	2
34	 456 A	H	1	10	6	0	6	0
34	 457 A	F	1	11	8	0	8	0
34	 458 A	W	1	14	11	11	0	1
34	 459 A	M	1	8	6	3	3	0
34	 460 A	M	1	8	5	0	5	0
34	 461 A	F	1	11	5	3	3	0
34	 462 A	V	1	7	5	5	2	0
34	 463 A	G	1	4	3	0	3	0
34	 464 A	A	1	5	1	0	1	0
34	 465 A	N	1	8	3	3	1	0
34	 466 A	L	1	8	4	3	2	0
34	 467 A	T	1	7	4	0	4	0
34	 468 A	F	1	11	8	0	8	0
34	 469 A	F	1	11	7	6	3	2
34	 470 A	P	1	7	2	0	2	0
34	 471 A	Q	0	9	6	0	6	0
34	 472 A	H	0	10	5	0	5	0
34	 473 A	F	0	11	5	2	3	2
34	 474 A	L	0	8	4	0	4	0
34	 475 A	G	0	4	1	0	1	0
34	 476 A	R	0	11	3	0	2	1
36	 491 A	A	0	5	2	0	0	2
36	 492 A	T	0	7	5	1	0	5
36	 493 A	W	0	14	10	3	9	3
36	 494 A	N	0	8	4	0	4	0
36	 495 A	F	0	11	7	3	0	7
36	 496 A	V	1	7	3	3	2	1
36	 497 A	S	1	6	2	0	2	0
36	 498 A	S	1	6	3	0	3	0
36	 499 A	L	1	8	6	6	0	1
36	 500 A	G	1	4	2	0	2	0
36	 501 A	A	1	5	3	0	3	0
36	 502 A	F	1	11	7	5	2	0
36	 503 A	L	1	8	6	6	2	0
36	 504 A	S	1	6	2	0	2	0
36	 505 A	F	1	11	7	3	5	0
36	 506 A	A	1	5	2	2	0	0
36	 507 A	S	1	6	2	0	2	0
36	 508 A	F	1	11	4	0	4	0
36	 509 A	L	1	8	5	5	0	0
36	 510 A	F	1	11	6	0	6	0
36	 511 A	F	1	11	7	0	7	0
36	 512 A	L	1	8	6	6	1	0
36	 513 A	G	1	4	3	3	0	2
36	 514 A	V	1	7	1	0	1	0
36	 515 A	I	1	8	3	2	1	1
36	 516 A	F	0	11	8	8	0	8
36	 517 A	Y	0	12	6	2	0	6
36	 518 A	T	0	7	2	0	2	0
36	 519 A	L	0	8	7	1	2	7
36	 520 A	T	0	7	5	2	0	5
43	  49 B	P	0	7	4	0	0	4
43	  50 B	V	0	7	2	0	1	2
43	  51 B	A	0	5	0	0	0	0
43	  52 B	T	0	7	3	0	0	3
43	  53 B	Q	0	9	5	0	3	4
43	  54 B	I	0	8	2	0	2	0
43	  55 B	H	0	10	5	0	0	5
43	  56 B	W	0	14	13	0	0	13
43	  57 B	L	0	8	5	0	3	3
43	  58 B	D	0	8	1	0	1	1
43	  59 B	G	0	4	4	3	0	4
43	  60 B	F	0	11	7	4	1	6
43	  61 B	I	1	8	3	0	3	0
43	  62 B	L	1	8	4	4	0	4
43	  63 B	V	1	7	5	5	0	2
43	  64 B	I	1	8	3	3	1	1
43	  65 B	I	1	8	4	0	4	0
43	  66 B	A	1	5	2	2	0	0
43	  67 B	A	1	5	5	5	0	0
43	  68 B	I	1	8	2	2	1	0
43	  69 B	T	1	7	4	3	2	0
43	  70 B	I	1	8	5	5	0	0
43	  71 B	F	1	11	8	8	0	0
43	  72 B	V	1	7	2	0	2	0
43	  73 B	T	1	7	3	3	3	0
43	  74 B	L	1	8	6	6	0	0
43	  75 B	L	1	8	3	2	1	0
43	  76 B	I	1	8	3	0	3	0
43	  77 B	L	1	8	6	6	0	0
43	  78 B	Y	1	12	10	10	0	5
43	  79 B	A	1	5	0	0	0	0
43	  80 B	V	0	7	4	2	1	2
43	  81 B	W	0	14	11	5	0	11
43	  82 B	R	0	11	6	1	0	6
45	  98 B	S	1	6	4	3	0	4
45	  99 B	P	1	7	6	6	0	4
45	 100 B	L	1	8	4	4	0	2
45	 101 B	E	1	9	5	5	0	3
45	 102 B	I	1	8	4	4	0	2
45	 103 B	A	1	5	3	3	0	0
45	 104 B	W	1	14	11	4	9	1
45	 105 B	T	1	7	3	3	1	0
45	 106 B	I	1	8	4	4	0	0
45	 107 B	V	1	7	3	3	0	0
45	 108 B	P	1	7	2	2	1	0
45	 109 B	I	1	8	3	2	1	0
45	 110 B	V	1	7	3	3	0	0
45	 111 B	I	1	8	6	6	2	0
45	 112 B	L	1	8	2	0	2	0
45	 113 B	V	1	7	3	3	0	1
45	 114 B	A	1	5	3	3	0	2
45	 115 B	I	1	8	2	1	2	0
45	 116 B	G	0	4	0	0	0	0
45	 117 B	A	0	5	4	1	0	4
45	 118 B	F	0	11	8	1	1	8
45	 119 B	S	0	6	3	0	3	0
45	 120 B	L	0	8	4	0	2	3
45	 121 B	P	0	7	4	0	0	4
45	 122 B	V	0	7	3	0	3	1
45	 123 B	L	0	8	2	0	2	0
45	 124 B	F	0	11	6	0	6	3
45	 125 B	N	0	8	6	0	2	6
45	 126 B	Q	0	9	4	0	2	3
45	 127 B	Q	0	9	7	0	2	6
