H-Nr	AAId	AA	I/A	ges	Kont	Memb	Hel	H2O
2	  95 A	P	1	7	6	6	2	5
2	  96 A	V	1	7	6	5	4	0
2	  97 A	T	1	7	6	0	6	0
2	  98 A	W	1	14	10	10	0	0
2	  99 A	V	1	7	3	3	0	0
2	 100 A	M	1	8	5	4	3	0
2	 101 A	M	1	8	4	3	3	0
2	 102 A	I	1	8	5	5	0	0
2	 103 A	A	1	5	2	2	0	0
2	 104 A	C	1	6	1	0	1	0
2	 105 A	V	1	7	3	3	1	0
2	 106 A	V	1	7	4	4	0	0
2	 107 A	V	1	7	3	3	0	2
2	 108 A	F	1	11	5	3	1	4
2	 109 A	I	1	8	4	4	0	3
2	 110 A	A	1	5	2	2	0	2
2	 111 A	M	0	8	1	0	0	1
2	 112 A	Q	0	9	8	3	0	8
2	 113 A	I	0	8	6	2	0	6
8	 148 A	L	1	8	5	4	0	5
8	 149 A	M	1	8	4	4	0	3
8	 150 A	H	1	10	4	0	0	4
8	 151 A	I	1	8	3	3	1	0
8	 152 A	L	1	8	5	5	0	0
8	 153 A	F	1	11	6	5	1	1
8	 154 A	N	1	8	1	0	1	0
8	 155 A	L	1	8	4	3	2	0
8	 156 A	L	1	8	7	7	0	0
8	 157 A	W	1	14	10	7	9	0
8	 158 A	W	1	14	8	0	8	0
8	 159 A	W	1	14	10	10	2	0
8	 160 A	Y	1	12	9	8	5	1
8	 161 A	L	1	8	3	0	3	0
8	 162 A	G	1	4	1	0	1	0
8	 163 A	G	1	4	3	3	1	2
8	 164 A	A	1	5	3	3	0	2
8	 165 A	V	1	7	2	0	2	0
8	 166 A	E	1	9	6	2	4	2
8	 167 A	K	0	9	7	3	0	7
8	 168 A	R	0	11	10	3	0	10
10	 171 A	S	1	6	3	3	2	3
10	 172 A	G	1	4	3	3	0	2
10	 173 A	K	1	9	7	6	5	6
10	 174 A	L	1	8	3	0	3	0
10	 175 A	I	1	8	4	4	2	1
10	 176 A	V	1	7	3	3	2	0
10	 177 A	I	1	8	3	0	3	0
10	 178 A	T	1	7	3	2	3	0
10	 179 A	L	1	8	4	4	0	0
10	 180 A	I	1	8	4	4	2	0
10	 181 A	S	1	6	2	0	2	0
10	 182 A	A	1	5	1	1	1	0
10	 183 A	L	1	8	5	5	0	0
10	 184 A	L	1	8	5	5	3	0
10	 185 A	S	1	6	2	0	2	0
10	 186 A	G	1	4	0	0	0	0
10	 187 A	Y	1	12	8	8	0	4
10	 188 A	V	1	7	4	3	3	4
10	 189 A	Q	0	9	4	0	3	3
10	 190 A	Q	0	9	5	2	0	5
10	 191 A	K	0	9	6	3	0	6
10	 192 A	F	0	11	10	1	0	10
12	 201 A	S	1	6	2	0	2	0
12	 202 A	G	1	4	0	0	0	0
12	 203 A	V	1	7	4	0	4	0
12	 204 A	V	1	7	3	0	3	0
12	 205 A	Y	1	12	9	1	9	0
12	 206 A	A	1	5	3	0	3	0
12	 207 A	L	1	8	3	0	3	0
12	 208 A	M	1	8	6	2	4	0
12	 209 A	G	1	4	1	1	1	0
12	 210 A	Y	1	12	6	0	6	0
12	 211 A	V	1	7	3	1	3	0
12	 212 A	W	1	14	11	11	1	0
12	 213 A	L	1	8	4	3	3	0
12	 214 A	R	1	11	6	0	4	3
12	 215 A	G	1	4	3	3	0	2
12	 216 A	E	1	9	9	9	0	5
14	 227 A	R	1	11	10	10	0	0
14	 228 A	G	1	4	3	3	0	0
14	 229 A	L	1	8	3	3	1	0
14	 230 A	I	1	8	4	3	2	0
14	 231 A	I	1	8	4	4	0	0
14	 232 A	F	1	11	8	8	0	0
14	 233 A	A	1	5	3	1	3	0
14	 234 A	L	1	8	4	4	0	0
14	 235 A	I	1	8	5	5	0	0
14	 236 A	W	1	14	11	3	10	0
14	 237 A	I	1	8	4	2	3	1
14	 238 A	V	1	7	3	3	0	3
14	 239 A	A	0	5	2	2	0	2
14	 240 A	G	0	4	3	0	0	3
14	 241 A	W	0	14	12	6	10	10
16	 251 A	N	0	8	5	1	4	5
16	 252 A	G	0	4	4	2	1	3
16	 253 A	A	1	5	4	0	4	2
16	 254 A	H	1	10	7	0	7	1
16	 255 A	I	1	8	4	4	2	1
16	 256 A	A	1	5	2	2	1	0
16	 257 A	G	1	4	2	0	2	0
16	 258 A	L	1	8	5	3	3	0
16	 259 A	A	1	5	4	4	0	0
16	 260 A	V	1	7	4	4	3	0
16	 261 A	G	1	4	2	0	2	0
16	 262 A	L	1	8	6	5	2	0
16	 263 A	A	1	5	4	4	0	0
16	 264 A	M	1	8	6	4	4	2
16	 265 A	A	1	5	3	0	3	0
16	 266 A	F	1	11	7	7	0	4
16	 267 A	V	1	7	4	4	0	3
16	 268 A	D	0	8	6	2	3	5
