H-Nr	AAId	AA	I/A	ges	Kont	Memb	Hel	H2O
2	  31 A	V	0	7	5	4	0	5
2	  32 A	W	0	14	13	11	0	12
2	  33 A	V	0	7	4	3	2	4
2	  34 A	V	1	7	5	5	0	2
2	  35 A	G	1	4	4	4	0	1
2	  36 A	M	1	8	5	4	2	0
2	  37 A	G	1	4	3	3	1	1
2	  38 A	I	1	8	5	5	0	0
2	  39 A	V	1	7	4	4	0	0
2	  40 A	M	1	8	5	4	4	0
2	  41 A	S	1	6	5	5	0	0
2	  42 A	L	1	8	6	6	0	0
2	  43 A	I	1	8	5	5	1	0
2	  44 A	V	1	7	3	3	2	0
2	  45 A	L	1	8	5	5	0	0
2	  46 A	A	1	5	4	4	0	0
2	  47 A	I	1	8	4	1	3	0
2	  48 A	V	1	7	4	3	4	0
2	  49 A	F	1	11	9	9	0	0
2	  50 A	G	1	4	1	1	0	0
2	  51 A	N	1	8	4	0	4	0
2	  52 A	V	1	7	3	3	1	0
2	  53 A	L	1	8	3	3	0	0
2	  54 A	V	1	7	2	0	2	0
2	  55 A	I	1	8	4	3	2	0
2	  56 A	T	1	7	4	4	0	1
2	  57 A	A	0	5	0	0	0	0
2	  58 A	I	0	8	4	2	4	2
2	  59 A	A	0	5	4	3	0	4
2	  60 A	K	0	9	7	1	0	7
4	  67 A	V	0	7	4	0	1	3
4	  68 A	T	0	7	3	0	2	3
4	  69 A	N	0	8	5	0	2	3
4	  70 A	Y	0	12	9	3	7	7
4	  71 A	F	1	11	7	0	7	0
4	  72 A	I	1	8	4	0	2	2
4	  73 A	T	1	7	3	3	1	3
4	  74 A	S	1	6	3	2	2	0
4	  75 A	L	1	8	2	0	2	0
4	  76 A	A	1	5	1	0	1	0
4	  77 A	C	1	6	2	2	0	0
4	  78 A	A	1	5	3	0	3	0
4	  79 A	D	1	8	2	0	2	0
4	  80 A	L	1	8	4	4	3	0
4	  81 A	V	1	7	3	3	2	0
4	  82 A	M	1	8	3	0	3	0
4	  83 A	G	1	4	2	0	2	0
4	  84 A	L	1	8	7	7	2	0
4	  85 A	A	1	5	3	2	2	0
4	  86 A	V	1	7	4	0	4	0
4	  87 A	V	1	7	3	0	3	0
4	  88 A	P	1	7	4	4	1	0
4	  89 A	F	1	11	6	4	3	0
4	  90 A	G	1	4	3	2	2	0
4	  91 A	A	1	5	3	1	3	0
4	  92 A	A	1	5	3	3	0	2
4	  93 A	H	1	10	6	5	0	5
4	  94 A	I	1	8	6	6	1	4
4	  95 A	L	0	8	6	3	4	3
4	  96 A	M	0	8	7	2	0	7
6	 102 A	G	0	4	2	1	0	2
6	 103 A	N	0	8	7	3	0	7
6	 104 A	F	1	11	9	9	0	3
6	 105 A	W	1	14	10	8	4	0
6	 106 A	C	1	6	2	2	0	2
6	 107 A	E	1	9	6	6	2	2
6	 108 A	F	1	11	5	5	0	0
6	 109 A	W	1	14	5	3	3	1
6	 110 A	T	1	7	3	3	2	0
6	 111 A	S	1	6	4	0	4	0
6	 112 A	I	1	8	4	3	4	0
6	 113 A	D	1	8	5	4	4	0
6	 114 A	V	1	7	4	4	3	0
6	 115 A	L	1	8	6	2	6	0
6	 116 A	C	1	6	2	0	2	0
6	 117 A	V	1	7	3	3	3	0
6	 118 A	T	1	7	3	1	3	0
6	 119 A	A	1	5	3	0	3	0
6	 120 A	S	1	6	3	0	3	0
6	 121 A	I	1	8	4	0	4	0
6	 122 A	E	1	9	6	6	3	0
6	 123 A	T	1	7	2	0	2	0
6	 124 A	L	1	8	5	0	5	0
6	 125 A	C	1	6	3	3	2	0
6	 126 A	V	1	7	4	4	2	1
6	 127 A	I	1	8	4	0	4	0
6	 128 A	A	1	5	5	0	5	0
6	 129 A	V	0	7	3	3	0	3
6	 130 A	D	0	8	4	2	2	3
6	 131 A	R	0	11	6	0	4	4
6	 132 A	Y	0	12	9	2	5	6
6	 133 A	F	0	11	7	0	0	7
6	 134 A	A	0	5	0	0	0	0
6	 135 A	I	0	8	4	0	3	1
6	 136 A	T	0	7	6	0	1	6
8	 147 A	K	0	9	6	0	1	6
8	 148 A	N	0	8	6	2	0	6
8	 149 A	K	0	9	6	2	0	6
8	 150 A	A	0	5	1	0	1	0
8	 151 A	R	1	11	9	5	3	7
8	 152 A	V	1	7	4	4	0	2
8	 153 A	I	1	8	3	3	1	2
8	 154 A	I	1	8	4	3	3	2
8	 155 A	L	1	8	5	5	0	0
8	 156 A	M	1	8	5	5	0	0
8	 157 A	V	1	7	3	2	2	0
8	 158 A	W	1	14	12	12	8	0
8	 159 A	I	1	8	6	6	0	0
8	 160 A	V	1	7	3	3	0	0
8	 161 A	S	1	6	4	0	4	0
8	 162 A	G	1	4	4	3	2	0
8	 163 A	L	1	8	6	6	0	0
8	 164 A	T	1	7	4	4	0	0
8	 165 A	S	1	6	3	0	3	0
8	 166 A	F	1	11	7	7	6	0
8	 167 A	L	1	8	5	5	0	0
8	 168 A	P	1	7	3	3	1	0
8	 169 A	I	1	8	3	0	3	0
8	 170 A	Q	1	9	7	7	1	0
12	 197 A	Q	1	9	7	7	2	4
12	 198 A	A	1	5	5	5	0	0
12	 199 A	Y	1	12	8	8	2	0
12	 200 A	A	1	5	3	3	1	0
12	 201 A	I	1	8	4	4	2	0
12	 202 A	A	1	5	3	3	0	0
12	 203 A	S	1	6	3	3	0	0
12	 204 A	S	1	6	2	2	1	0
12	 205 A	I	1	8	4	4	0	0
12	 206 A	V	1	7	4	4	0	0
12	 207 A	S	1	6	3	2	2	0
12	 208 A	F	1	11	7	0	7	0
12	 209 A	Y	1	12	9	7	5	0
12	 210 A	V	1	7	4	4	0	0
12	 211 A	P	1	7	4	3	3	0
12	 212 A	L	1	8	3	2	2	0
12	 213 A	V	1	7	5	5	0	0
12	 214 A	I	1	8	5	5	2	0
12	 215 A	M	1	8	4	1	4	0
12	 216 A	V	1	7	5	5	0	0
12	 217 A	F	1	11	8	8	0	3
12	 218 A	V	1	7	3	3	2	3
12	 219 A	Y	1	12	9	3	8	2
12	 220 A	S	1	6	5	5	0	5
12	 221 A	R	0	11	8	6	1	8
12	 222 A	V	0	7	2	0	2	0
12	 223 A	F	0	11	8	4	0	8
12	 224 A	Q	0	9	9	2	0	9
12	 225 A	E	0	9	6	0	2	5
12	 226 A	A	0	5	5	0	5	1
12	 227 A	K	0	9	8	0	0	8
12	 228 A	R	0	11	10	0	0	10
12	 229 A	Q	0	9	7	0	1	6
39	 267 A	K	0	9	9	0	0	9
39	 268 A	E	0	9	7	0	0	7
39	 269 A	H	0	10	4	0	2	3
39	 270 A	K	0	9	5	0	0	5
39	 271 A	A	0	5	3	0	0	3
39	 272 A	L	0	8	7	0	7	2
39	 273 A	K	0	9	5	3	0	5
39	 274 A	T	0	7	3	0	0	3
39	 275 A	L	1	8	4	0	3	3
39	 276 A	G	1	4	4	3	2	1
39	 277 A	I	1	8	6	6	0	2
39	 278 A	I	1	8	1	0	1	0
39	 279 A	M	1	8	4	1	4	0
39	 280 A	G	1	4	3	3	0	0
39	 281 A	T	1	7	4	4	0	0
39	 282 A	F	1	11	7	0	7	0
39	 283 A	T	1	7	3	2	3	0
39	 284 A	L	1	8	6	6	0	0
39	 285 A	C	1	6	3	2	2	0
39	 286 A	W	1	14	7	2	7	0
39	 287 A	L	1	8	4	4	1	0
39	 288 A	P	1	7	4	4	1	0
39	 289 A	F	1	11	5	2	4	0
39	 290 A	F	1	11	9	2	9	0
39	 291 A	I	1	8	5	4	1	0
39	 292 A	V	1	7	3	1	3	0
39	 293 A	N	1	8	6	6	2	0
39	 294 A	I	1	8	4	4	2	0
39	 295 A	V	1	7	3	3	0	1
39	 296 A	H	1	10	6	6	0	4
39	 297 A	V	1	7	6	6	3	1
39	 298 A	I	1	8	7	7	0	3
41	 305 A	K	0	9	7	5	0	7
41	 306 A	E	1	9	7	4	0	6
41	 307 A	V	1	7	4	4	0	1
41	 308 A	Y	1	12	7	6	5	2
41	 309 A	I	1	8	4	4	1	3
41	 310 A	L	1	8	5	5	0	0
41	 311 A	L	1	8	4	2	4	0
41	 312 A	N	1	8	6	4	6	0
41	 313 A	W	1	14	11	7	6	0
41	 314 A	I	1	8	6	5	2	0
41	 315 A	G	1	4	3	0	3	0
41	 316 A	Y	1	12	8	2	7	0
41	 317 A	V	1	7	4	4	1	0
