H-Nr	AAId	AA	I/A	ges	Kont	Memb	Hel	H2O
4	  31 A	D	0	8	5	0	0	5
4	  32 A	A	0	5	5	3	0	5
4	  33 A	V	0	7	4	3	2	4
4	  34 A	Y	0	12	0	0	0	0
4	  35 A	Y	0	12	8	1	0	8
4	  36 A	S	1	6	4	4	0	2
4	  37 A	L	1	8	4	2	4	2
4	  38 A	G	1	4	0	0	0	0
4	  39 A	I	1	8	6	6	0	1
4	  40 A	F	1	11	8	7	2	0
4	  41 A	I	1	8	3	0	3	0
4	  42 A	G	1	4	3	3	0	0
4	  43 A	I	1	8	4	4	0	0
4	  44 A	C	1	6	1	1	1	0
4	  45 A	G	1	4	2	2	0	0
4	  46 A	I	1	8	7	7	0	0
4	  47 A	I	1	8	5	5	0	0
4	  48 A	G	1	4	1	0	1	0
4	  49 A	C	1	6	5	4	3	0
4	  50 A	G	1	4	4	4	0	0
4	  51 A	G	1	4	2	2	0	0
4	  52 A	N	1	8	4	0	4	0
4	  53 A	G	1	4	3	3	0	0
4	  54 A	I	1	8	6	6	0	3
4	  55 A	V	1	7	3	0	3	0
4	  56 A	I	1	8	4	3	2	1
4	  57 A	Y	0	12	9	4	0	9
4	  58 A	L	0	8	1	0	0	1
4	  59 A	F	0	11	6	0	5	1
4	  60 A	T	0	7	5	2	2	5
4	  61 A	K	0	9	8	0	0	8
6	  70 A	N	0	8	4	0	4	4
6	  71 A	M	0	8	5	3	1	5
6	  72 A	F	1	11	8	0	8	2
6	  73 A	I	1	8	4	0	3	2
6	  74 A	I	1	8	4	3	2	3
6	  75 A	N	1	8	4	3	2	0
6	  76 A	L	1	8	4	0	4	0
6	  77 A	A	1	5	2	0	2	0
6	  78 A	F	1	11	9	6	5	0
6	  79 A	S	1	6	3	0	3	0
6	  80 A	D	1	8	3	0	3	0
6	  81 A	F	1	11	7	5	5	0
6	  82 A	T	1	7	3	3	2	0
6	  83 A	F	1	11	3	0	3	0
6	  84 A	S	1	6	3	1	2	0
6	  85 A	L	1	8	5	4	3	0
6	  86 A	V	1	7	5	4	4	0
6	  87 A	N	1	8	4	0	4	0
10	 104 A	G	0	4	2	0	0	2
10	 105 A	F	0	11	5	0	0	5
10	 106 A	A	0	5	5	3	0	5
10	 107 A	A	0	5	3	2	0	3
10	 108 A	C	0	6	0	0	0	0
10	 109 A	K	0	9	5	1	0	5
10	 110 A	V	1	7	3	3	0	2
10	 111 A	Y	1	12	4	0	4	0
10	 112 A	G	1	4	0	0	0	0
10	 113 A	F	1	11	5	3	3	2
10	 114 A	I	1	8	4	2	2	0
10	 115 A	G	1	4	3	0	3	0
10	 116 A	G	1	4	0	0	0	0
10	 117 A	I	1	8	6	1	6	0
10	 118 A	F	1	11	7	2	7	0
10	 119 A	G	1	4	1	0	1	0
10	 120 A	F	1	11	3	0	3	0
10	 121 A	M	1	8	6	0	6	0
10	 122 A	S	1	6	3	0	3	0
10	 123 A	I	1	8	4	0	4	0
10	 124 A	M	1	8	5	1	5	0
10	 125 A	T	1	7	3	0	3	0
10	 126 A	M	1	8	4	0	4	0
10	 127 A	A	1	5	1	0	1	0
10	 128 A	M	1	8	4	2	4	0
10	 129 A	I	1	8	3	0	3	3
10	 130 A	S	1	6	5	0	5	0
10	 131 A	I	0	8	5	3	5	3
10	 132 A	D	0	8	4	0	1	3
10	 133 A	R	0	11	8	0	7	4
10	 134 A	Y	0	12	8	2	5	4
10	 135 A	N	0	8	4	0	0	4
10	 136 A	V	0	7	3	0	1	3
12	 149 A	H	0	10	7	0	0	7
12	 150 A	R	0	11	8	2	0	8
12	 151 A	R	0	11	7	1	0	7
12	 152 A	A	0	5	1	0	1	0
12	 153 A	F	1	11	7	7	0	4
12	 154 A	I	1	8	4	4	0	4
12	 155 A	M	1	8	5	4	4	3
12	 156 A	I	1	8	3	2	1	1
12	 157 A	I	1	8	4	4	0	0
12	 158 A	F	1	11	8	8	2	0
12	 159 A	V	1	7	3	0	3	0
12	 160 A	W	1	14	10	10	5	0
12	 161 A	L	1	8	4	4	0	0
12	 162 A	W	1	14	10	6	5	0
12	 163 A	S	1	6	2	0	2	0
12	 164 A	V	1	7	4	3	4	0
12	 165 A	L	1	8	6	6	0	0
12	 166 A	W	1	14	6	3	3	0
12	 167 A	A	1	5	4	0	4	0
20	 210 A	F	1	11	7	7	0	0
20	 211 A	G	1	4	3	3	0	0
20	 212 A	P	1	7	3	0	3	0
20	 213 A	I	1	8	3	3	1	0
20	 214 A	L	1	8	5	5	0	0
20	 215 A	I	1	8	5	5	2	0
20	 216 A	I	1	8	2	1	2	0
20	 217 A	F	1	11	8	8	0	0
20	 218 A	F	1	11	9	9	0	5
20	 219 A	C	0	6	2	1	2	1
20	 220 A	Y	0	12	8	2	8	2
20	 221 A	F	0	11	8	8	0	6
20	 222 A	N	0	8	5	3	3	5
20	 223 A	I	0	8	5	0	2	3
20	 224 A	V	0	7	4	3	0	4
24	 246 A	L	0	8	5	0	0	5
24	 247 A	R	0	11	9	0	0	9
24	 248 A	K	0	9	8	0	0	8
24	 249 A	A	0	5	3	0	0	3
24	 250 A	Q	0	9	5	0	0	5
24	 251 A	A	0	5	3	0	0	3
24	 252 A	G	0	4	2	0	0	2
24	 253 A	A	0	5	4	0	0	4
24	 254 A	N	0	8	7	0	0	7
24	 255 A	A	0	5	2	0	0	2
24	 256 A	E	0	9	6	0	5	4
24	 257 A	M	0	8	4	0	0	4
24	 258 A	R	0	11	6	0	0	6
24	 259 A	L	0	8	5	0	1	5
24	 260 A	A	0	5	3	0	3	1
24	 261 A	K	0	9	5	1	0	5
24	 262 A	I	0	8	4	3	0	4
24	 263 A	S	1	6	3	0	2	2
24	 264 A	I	1	8	4	4	2	4
24	 265 A	V	1	7	3	3	0	2
24	 266 A	I	1	8	2	0	2	1
24	 267 A	V	1	7	4	2	4	0
24	 268 A	S	1	6	3	3	0	0
24	 269 A	Q	1	9	3	3	0	0
24	 270 A	F	1	11	7	0	7	0
24	 271 A	L	1	8	5	5	1	0
24	 272 A	L	1	8	7	6	2	0
24	 273 A	S	1	6	2	1	1	0
24	 274 A	W	1	14	5	0	5	0
24	 275 A	S	1	6	3	3	0	0
24	 276 A	P	1	7	5	5	0	0
24	 277 A	Y	1	12	4	0	4	0
24	 278 A	A	1	5	1	1	0	0
24	 279 A	V	1	7	3	3	0	1
24	 280 A	V	1	7	2	2	0	2
24	 281 A	A	0	5	0	0	0	0
24	 282 A	L	0	8	5	5	0	5
24	 283 A	L	0	8	4	2	0	4
24	 284 A	A	0	5	1	0	0	1
24	 285 A	Q	0	9	0	0	0	0
26	 294 A	P	0	7	3	0	0	3
26	 295 A	Y	0	12	9	4	2	9
26	 296 A	A	0	5	4	3	0	4
26	 297 A	A	0	5	0	0	0	0
26	 298 A	Q	0	9	1	0	1	0
26	 299 A	L	1	8	6	6	0	4
26	 300 A	P	1	7	4	4	0	2
26	 301 A	V	1	7	4	0	4	0
26	 302 A	M	1	8	3	2	3	0
26	 303 A	F	1	11	8	8	2	0
26	 304 A	A	1	5	1	0	1	0
26	 305 A	K	1	9	7	0	7	0
26	 306 A	A	1	5	1	1	1	0
