H-Nr	AAId	AA	I/A	ges	Kont	Memb	Hel	H2O
2	   7 A	L	0	8	5	0	2	4
2	   8 A	K	0	9	6	0	0	6
2	   9 A	G	0	4	2	0	0	2
2	  10 A	Q	0	9	6	0	4	3
2	  11 A	C	0	6	5	3	4	4
2	  12 A	I	0	8	5	4	0	5
2	  13 A	A	0	5	4	0	3	2
2	  14 A	E	1	9	5	0	5	0
2	  15 A	F	1	11	8	8	4	2
2	  16 A	L	1	8	6	6	0	3
2	  17 A	G	1	4	2	0	2	0
2	  18 A	T	1	7	3	0	3	0
2	  19 A	G	1	4	3	2	3	0
2	  20 A	L	1	8	6	6	2	0
2	  21 A	L	1	8	5	0	5	2
2	  22 A	I	1	8	4	0	4	0
2	  23 A	F	1	11	9	8	4	0
2	  24 A	F	1	11	9	9	1	0
2	  25 A	G	1	4	2	0	2	0
2	  26 A	V	1	7	3	0	3	0
2	  27 A	G	1	4	2	2	1	2
2	  28 A	C	1	6	4	3	2	2
2	  29 A	V	0	7	2	0	0	2
2	  30 A	A	0	5	1	0	1	0
2	  31 A	A	0	5	2	0	2	1
2	  32 A	L	0	8	4	0	0	4
2	  33 A	K	0	9	6	0	1	6
2	  34 A	V	0	7	5	0	3	2
4	  41 A	Q	0	9	7	0	3	7
4	  42 A	W	0	14	11	10	3	7
4	  43 A	E	0	9	5	3	0	5
4	  44 A	I	0	8	4	0	1	3
4	  45 A	S	1	6	2	0	2	0
4	  46 A	V	1	7	4	2	2	1
4	  47 A	I	1	8	6	6	3	2
4	  48 A	W	1	14	8	0	6	7
4	  49 A	G	1	4	3	0	3	0
4	  50 A	L	1	8	5	5	1	0
4	  51 A	G	1	4	2	2	1	0
4	  52 A	V	1	7	4	0	4	2
4	  53 A	A	1	5	0	0	0	0
4	  54 A	M	1	8	5	5	1	0
4	  55 A	A	1	5	2	0	2	0
4	  56 A	I	1	8	4	0	3	3
4	  57 A	Y	0	12	11	10	6	9
4	  58 A	L	0	8	7	5	0	7
4	  59 A	T	0	7	2	0	2	1
4	  60 A	A	0	5	3	0	0	3
4	  61 A	G	0	4	4	0	0	4
4	  62 A	V	0	7	6	0	2	6
4	  63 A	S	0	6	5	0	3	2
8	  86 A	V	0	7	2	2	0	1
8	  87 A	I	1	8	4	4	0	3
8	  88 A	P	1	7	5	4	1	5
8	  89 A	F	1	11	6	0	6	0
8	  90 A	I	1	8	3	3	0	0
8	  91 A	V	1	7	4	4	0	1
8	  92 A	S	1	6	3	3	2	2
8	  93 A	Q	1	9	5	0	5	0
8	  94 A	V	1	7	3	3	0	0
8	  95 A	A	1	5	3	2	2	0
8	  96 A	G	1	4	3	2	2	0
8	  97 A	A	1	5	1	0	1	0
8	  98 A	F	1	11	7	7	0	0
8	  99 A	C	1	6	5	5	2	0
8	 100 A	A	1	5	2	2	1	0
8	 101 A	A	1	5	1	0	1	0
8	 102 A	A	1	5	3	3	0	1
8	 103 A	L	1	8	6	6	2	0
8	 104 A	V	1	7	3	3	3	0
8	 105 A	Y	1	12	3	2	0	3
8	 106 A	G	1	4	3	3	0	2
8	 107 A	L	1	8	7	7	1	4
8	 108 A	Y	0	12	8	6	5	8
8	 109 A	Y	0	12	8	1	0	8
8	 110 A	N	0	8	6	0	0	6
8	 111 A	L	0	8	7	0	2	6
8	 112 A	F	0	11	1	0	1	0
8	 113 A	F	0	11	7	0	0	7
8	 114 A	D	0	8	5	0	0	5
8	 115 A	F	0	11	6	0	2	6
8	 116 A	E	0	9	5	0	0	5
8	 117 A	Q	0	9	7	0	0	7
8	 118 A	T	0	7	5	0	0	5
12	 145 A	F	0	11	7	2	0	7
12	 146 A	V	0	7	4	2	0	4
12	 147 A	Q	0	9	7	0	0	7
12	 148 A	A	0	5	0	0	0	0
12	 149 A	F	0	11	7	7	0	5
12	 150 A	A	0	5	3	3	0	3
12	 151 A	V	0	7	4	3	2	4
12	 152 A	E	1	9	0	0	0	0
12	 153 A	M	1	8	3	3	0	1
12	 154 A	V	1	7	4	4	0	2
12	 155 A	I	1	8	3	1	3	1
12	 156 A	T	1	7	0	0	0	0
12	 157 A	A	1	5	3	3	0	0
12	 158 A	I	1	8	4	4	0	1
12	 159 A	L	1	8	3	0	2	2
12	 160 A	M	1	8	0	0	0	0
12	 161 A	G	1	4	2	2	0	0
12	 162 A	L	1	8	4	3	2	0
12	 163 A	I	1	8	3	0	1	2
12	 164 A	L	1	8	3	0	0	3
12	 165 A	A	1	5	3	3	0	3
12	 166 A	L	1	8	5	4	3	3
12	 167 A	T	0	7	6	0	0	6
14	 179 A	A	1	5	1	0	0	1
14	 180 A	P	1	7	3	0	3	2
14	 181 A	L	1	8	4	4	2	0
14	 182 A	L	1	8	4	4	2	2
14	 183 A	I	1	8	4	0	4	2
14	 184 A	G	1	4	2	0	2	0
14	 185 A	L	1	8	5	5	0	0
14	 186 A	L	1	8	6	4	3	0
14	 187 A	I	1	8	4	0	4	2
14	 188 A	A	1	5	2	0	2	0
14	 189 A	V	1	7	3	3	0	1
14	 190 A	I	1	8	4	2	2	1
14	 191 A	G	1	4	3	0	3	0
14	 192 A	A	0	5	4	1	2	3
14	 193 A	S	0	6	5	2	0	5
14	 194 A	M	0	8	4	3	2	3
14	 195 A	G	0	4	2	0	0	2
14	 196 A	P	0	7	6	0	2	6
14	 197 A	L	0	8	5	0	2	4
