H-Nr	AAId	AA	I/A	ges	Kont	Memb	Hel	H2O
4	  33 A	L	0	8	5	3	0	5
4	  34 A	A	0	5	3	1	0	3
4	  35 A	I	0	8	3	0	3	2
4	  36 A	L	0	8	5	3	3	2
4	  37 A	F	1	11	8	8	0	4
4	  38 A	M	1	8	2	1	1	1
4	  39 A	A	1	5	2	0	2	0
4	  40 A	A	1	5	3	2	2	0
4	  41 A	V	1	7	3	3	0	2
4	  42 A	V	1	7	1	0	1	0
4	  43 A	G	1	4	3	0	3	0
4	  44 A	T	1	7	6	3	6	0
4	  45 A	L	1	8	6	6	0	1
4	  46 A	V	1	7	3	0	3	0
4	  47 A	G	1	4	3	0	3	0
4	  48 A	L	1	8	6	6	2	1
4	  49 A	A	1	5	2	2	0	0
4	  50 A	A	1	5	1	0	1	0
4	  51 A	V	1	7	3	2	2	2
4	  52 A	A	1	5	3	3	1	3
4	  53 A	F	1	11	8	0	8	0
4	  54 A	D	1	8	3	0	0	3
4	  55 A	K	1	9	7	2	0	7
4	  56 A	G	1	4	3	2	2	2
4	  57 A	V	1	7	4	0	4	1
4	  58 A	A	0	5	4	0	0	4
4	  59 A	W	0	14	11	1	0	11
4	  60 A	L	0	8	4	3	2	2
4	  61 A	Q	0	9	7	0	0	7
4	  62 A	N	0	8	7	0	0	7
4	  63 A	Q	0	9	8	1	0	8
4	  64 A	R	0	11	8	1	4	6
4	  65 A	M	0	8	7	0	0	7
4	  66 A	G	0	4	4	0	0	4
4	  67 A	A	0	5	3	0	0	3
4	  68 A	L	0	8	5	0	4	4
6	  75 A	Y	0	12	9	0	0	9
6	  76 A	P	0	7	6	0	0	6
6	  77 A	L	0	8	5	0	0	5
6	  78 A	L	0	8	3	0	2	1
6	  79 A	L	0	8	5	0	3	4
6	  80 A	T	0	7	4	1	0	4
6	  81 A	V	0	7	3	0	2	2
6	  82 A	A	0	5	3	0	3	0
6	  83 A	F	0	11	8	7	5	4
6	  84 A	L	0	8	4	3	0	4
6	  85 A	C	0	6	3	1	1	3
6	  86 A	S	1	6	2	0	2	0
6	  87 A	A	1	5	2	1	2	0
6	  88 A	V	1	7	4	4	0	1
6	  89 A	L	1	8	4	3	2	2
6	  90 A	A	1	5	1	0	1	0
6	  91 A	M	1	8	6	4	3	0
6	  92 A	F	1	11	9	9	1	0
6	  93 A	G	1	4	0	0	0	0
6	  94 A	Y	1	12	6	0	6	1
6	  95 A	F	1	11	9	7	5	4
6	  96 A	L	1	8	5	2	3	1
6	  97 A	V	0	7	5	0	4	2
6	  98 A	R	0	11	8	0	6	8
6	  99 A	K	0	9	7	0	2	6
6	 100 A	Y	0	12	10	5	4	9
10	 124 A	W	0	14	4	2	0	4
10	 125 A	W	0	14	12	2	0	12
10	 126 A	R	0	11	7	1	2	7
10	 127 A	V	0	7	0	0	0	0
10	 128 A	L	1	8	5	5	0	2
10	 129 A	P	1	7	4	4	0	3
10	 130 A	V	1	7	2	1	2	1
10	 131 A	K	1	9	0	0	0	0
10	 132 A	F	1	11	8	7	4	0
10	 133 A	F	1	11	7	7	1	0
10	 134 A	G	1	4	0	0	0	0
10	 135 A	G	1	4	2	0	2	0
10	 136 A	L	1	8	8	3	6	0
10	 137 A	G	1	4	2	1	1	0
10	 138 A	T	1	7	1	0	1	0
10	 139 A	L	1	8	6	0	4	2
10	 140 A	G	1	4	2	0	2	0
14	 171 A	D	0	8	5	0	0	5
14	 172 A	E	0	9	6	0	3	6
14	 173 A	A	0	5	3	0	3	1
14	 174 A	R	0	11	7	0	0	7
14	 175 A	H	0	10	1	0	0	1
14	 176 A	T	0	7	2	0	2	0
14	 177 A	L	0	8	3	0	3	0
14	 178 A	L	0	8	1	0	0	1
14	 179 A	A	0	5	3	0	3	0
14	 180 A	T	1	7	3	0	3	0
14	 181 A	G	1	4	1	0	1	0
14	 182 A	A	1	5	1	0	1	0
14	 183 A	A	1	5	3	0	3	0
14	 184 A	A	1	5	4	0	4	0
14	 185 A	G	1	4	2	0	2	0
14	 186 A	L	1	8	3	0	3	0
14	 187 A	A	1	5	1	0	1	0
14	 188 A	A	1	5	2	0	2	0
14	 189 A	A	1	5	0	0	0	0
14	 190 A	F	1	11	1	0	0	1
16	 193 A	P	1	7	6	0	6	0
16	 194 A	L	1	8	3	0	3	0
16	 195 A	A	1	5	0	0	0	0
16	 196 A	G	1	4	3	0	3	0
16	 197 A	I	1	8	3	0	3	0
16	 198 A	L	1	8	3	0	3	0
16	 199 A	F	1	11	3	0	3	0
16	 200 A	I	1	8	4	0	3	1
18	 215 A	I	0	8	5	0	0	5
18	 216 A	K	1	9	6	0	4	3
18	 217 A	A	1	5	4	0	4	0
18	 218 A	V	1	7	5	0	5	0
18	 219 A	F	1	11	7	0	7	0
18	 220 A	I	1	8	5	3	5	1
18	 221 A	G	1	4	2	0	2	0
18	 222 A	V	1	7	3	0	3	0
18	 223 A	I	1	8	4	3	3	0
18	 224 A	M	1	8	4	3	3	0
18	 225 A	S	1	6	3	0	3	0
18	 226 A	T	1	7	3	0	3	0
18	 227 A	I	1	8	3	2	2	2
18	 228 A	M	1	8	4	2	3	2
18	 229 A	Y	1	12	3	0	1	2
18	 230 A	R	0	11	7	0	4	6
18	 231 A	I	0	8	5	3	0	5
18	 232 A	F	0	11	8	2	4	7
20	 252 A	L	0	8	5	3	4	5
20	 253 A	W	0	14	12	5	0	12
20	 254 A	L	0	8	3	1	2	1
20	 255 A	Y	0	12	10	0	10	1
20	 256 A	L	1	8	6	4	3	2
20	 257 A	I	1	8	4	4	0	3
20	 258 A	L	1	8	2	0	2	0
20	 259 A	G	1	4	2	0	2	0
20	 260 A	I	1	8	6	4	5	0
20	 261 A	I	1	8	3	3	0	1
20	 262 A	F	1	11	9	0	9	0
20	 263 A	G	1	4	3	0	3	0
20	 264 A	I	1	8	5	5	1	0
20	 265 A	F	1	11	7	4	3	0
20	 266 A	G	1	4	1	0	1	0
20	 267 A	P	1	7	4	1	2	2
20	 268 A	I	1	8	3	3	0	2
20	 269 A	F	1	11	1	0	1	0
20	 270 A	N	1	8	1	0	0	1
20	 271 A	K	1	9	8	8	0	6
20	 272 A	W	1	14	12	10	4	3
20	 273 A	V	1	7	5	0	5	0
20	 274 A	L	1	8	2	1	0	2
20	 275 A	G	1	4	4	3	0	4
20	 276 A	M	1	8	5	2	3	1
20	 277 A	Q	1	9	9	0	3	7
20	 278 A	D	1	8	6	0	0	6
20	 279 A	L	1	8	5	4	0	5
20	 280 A	L	1	8	4	2	2	1
20	 281 A	H	0	10	7	0	1	7
20	 282 A	R	0	11	10	4	0	10
20	 283 A	V	0	7	6	4	2	5
20	 284 A	H	0	10	9	0	7	4
22	 288 A	I	0	8	5	0	3	5
22	 289 A	T	0	7	4	3	0	4
22	 290 A	K	0	9	8	4	4	7
22	 291 A	W	1	14	12	0	11	5
22	 292 A	V	1	7	5	3	4	1
22	 293 A	L	1	8	6	6	0	3
22	 294 A	M	1	8	5	3	3	0
22	 295 A	G	1	4	2	0	2	0
22	 296 A	G	1	4	4	2	4	0
22	 297 A	A	1	5	5	5	0	0
22	 298 A	I	1	8	4	2	2	0
22	 299 A	G	1	4	3	0	3	0
22	 300 A	G	1	4	3	0	3	0
22	 301 A	L	1	8	5	4	2	2
22	 302 A	C	1	6	2	0	1	1
22	 303 A	G	0	4	3	0	2	2
22	 304 A	L	0	8	3	2	1	3
22	 305 A	L	0	8	2	2	1	2
22	 306 A	G	0	4	2	0	0	2
26	 330 A	M	0	8	5	0	0	5
26	 331 A	G	0	4	4	0	0	4
26	 332 A	M	0	8	6	0	0	6
26	 333 A	L	0	8	2	0	0	2
26	 334 A	V	0	7	4	2	0	4
26	 335 A	F	0	11	8	2	0	8
26	 336 A	I	0	8	0	0	0	0
26	 337 A	F	0	11	4	4	1	2
26	 338 A	V	1	7	3	3	0	3
26	 339 A	A	1	5	2	2	0	2
26	 340 A	R	1	11	0	0	0	0
26	 341 A	V	1	7	3	3	1	0
26	 342 A	I	1	8	4	4	0	2
26	 343 A	T	1	7	1	1	1	1
26	 344 A	T	1	7	0	0	0	0
26	 345 A	L	1	8	4	2	4	0
26	 346 A	L	1	8	5	3	4	0
26	 347 A	C	1	6	1	0	1	0
26	 348 A	F	1	11	4	0	2	3
26	 349 A	S	1	6	5	0	5	1
30	 386 A	A	0	5	2	0	0	2
30	 387 A	G	0	4	1	0	0	1
30	 388 A	T	0	7	3	0	2	3
30	 389 A	F	0	11	5	0	5	0
30	 390 A	A	0	5	0	0	0	0
30	 391 A	I	0	8	1	0	1	0
30	 392 A	A	0	5	3	0	3	0
30	 393 A	G	1	4	3	0	3	0
30	 394 A	M	1	8	0	0	0	0
30	 395 A	G	1	4	0	0	0	0
30	 396 A	A	1	5	2	0	2	0
30	 397 A	L	1	8	5	0	5	0
30	 398 A	L	1	8	0	0	0	0
30	 399 A	A	1	5	1	0	1	0
30	 400 A	A	1	5	3	0	3	0
34	 422 A	I	0	8	3	0	3	0
34	 423 A	L	1	8	4	0	4	2
34	 424 A	P	1	7	4	0	4	1
34	 425 A	M	1	8	2	0	2	0
34	 426 A	I	1	8	3	0	3	0
34	 427 A	I	1	8	5	5	4	2
34	 428 A	T	1	7	4	0	4	0
34	 429 A	G	1	4	2	0	2	0
34	 430 A	L	1	8	4	3	4	0
34	 431 A	G	1	4	1	1	0	0
34	 432 A	A	1	5	2	0	2	0
34	 433 A	T	1	7	3	0	3	1
34	 434 A	L	1	8	4	3	3	1
34	 435 A	L	1	8	4	3	4	1
34	 436 A	A	1	5	2	0	2	0
34	 437 A	Q	0	9	7	0	4	5
41	  33 B	L	0	8	5	3	0	5
41	  34 B	A	0	5	3	0	0	3
41	  35 B	I	0	8	3	0	3	2
41	  36 B	L	0	8	5	3	3	3
41	  37 B	F	0	11	8	8	0	6
41	  38 B	M	0	8	3	1	1	2
41	  39 B	A	1	5	1	0	1	0
41	  40 B	A	1	5	3	2	2	0
41	  41 B	V	1	7	3	3	0	2
41	  42 B	V	1	7	3	0	3	0
41	  43 B	G	1	4	3	0	3	0
41	  44 B	T	1	7	6	3	6	0
41	  45 B	L	1	8	6	6	0	3
41	  46 B	V	1	7	3	0	3	0
41	  47 B	G	1	4	3	0	3	0
41	  48 B	L	1	8	6	6	2	0
41	  49 B	A	1	5	2	2	0	0
41	  50 B	A	1	5	1	0	1	0
41	  51 B	V	1	7	3	2	2	2
41	  52 B	A	1	5	3	3	1	2
41	  53 B	F	1	11	8	0	8	0
41	  54 B	D	1	8	3	0	0	3
41	  55 B	K	1	9	7	3	1	7
41	  56 B	G	1	4	2	2	0	2
41	  57 B	V	1	7	3	0	3	1
41	  58 B	A	0	5	4	0	0	4
41	  59 B	W	0	14	11	2	0	11
41	  60 B	L	0	8	4	3	2	2
41	  61 B	Q	0	9	4	0	0	4
41	  62 B	N	0	8	7	0	0	7
41	  63 B	Q	0	9	8	1	0	8
41	  64 B	R	0	11	8	1	3	7
41	  65 B	M	0	8	5	0	0	5
41	  66 B	G	0	4	3	0	0	3
41	  67 B	A	0	5	4	0	0	4
41	  68 B	L	0	8	5	0	1	4
41	  69 B	V	0	7	5	0	0	5
41	  70 B	H	0	10	9	0	0	9
43	  75 B	Y	0	12	10	0	0	10
43	  76 B	P	0	7	6	0	0	6
43	  77 B	L	0	8	5	0	0	5
43	  78 B	L	0	8	3	0	2	1
43	  79 B	L	0	8	4	0	2	4
43	  80 B	T	0	7	4	1	0	4
43	  81 B	V	0	7	3	1	1	2
43	  82 B	A	0	5	3	0	1	3
43	  83 B	F	0	11	8	7	4	5
43	  84 B	L	1	8	4	4	0	4
43	  85 B	C	1	6	3	3	0	3
43	  86 B	S	1	6	2	0	2	1
43	  87 B	A	1	5	2	1	2	0
43	  88 B	V	1	7	4	4	0	0
43	  89 B	L	1	8	4	3	1	2
43	  90 B	A	1	5	1	0	1	0
43	  91 B	M	1	8	5	3	3	0
43	  92 B	F	1	11	9	9	1	0
43	  93 B	G	1	4	0	0	0	0
43	  94 B	Y	1	12	6	0	6	1
43	  95 B	F	1	11	9	6	5	6
43	  96 B	L	1	8	5	2	3	2
43	  97 B	V	0	7	4	0	3	2
43	  98 B	R	0	11	8	0	5	8
43	  99 B	K	0	9	7	0	2	6
43	 100 B	Y	0	12	10	6	4	9
47	 124 B	W	0	14	4	0	0	4
47	 125 B	W	0	14	12	0	0	12
47	 126 B	R	0	11	7	0	2	7
47	 127 B	V	0	7	0	0	0	0
47	 128 B	L	1	8	5	4	0	5
47	 129 B	P	1	7	5	5	0	4
47	 130 B	V	1	7	2	1	2	1
47	 131 B	K	1	9	0	0	0	0
47	 132 B	F	1	11	8	7	4	1
47	 133 B	F	1	11	8	7	2	0
47	 134 B	G	1	4	0	0	0	0
47	 135 B	G	1	4	2	0	2	0
47	 136 B	L	1	8	8	3	6	0
47	 137 B	G	1	4	2	1	1	0
47	 138 B	T	1	7	1	0	1	0
47	 139 B	L	1	8	6	0	4	2
47	 140 B	G	1	4	2	0	2	0
51	 171 B	D	0	8	5	0	0	5
51	 172 B	E	0	9	6	0	3	6
51	 173 B	A	0	5	2	0	1	2
51	 174 B	R	0	11	7	0	0	7
51	 175 B	H	0	10	1	0	0	1
51	 176 B	T	0	7	2	0	2	0
51	 177 B	L	0	8	3	0	3	0
51	 178 B	L	0	8	1	0	0	1
51	 179 B	A	0	5	2	0	2	0
51	 180 B	T	1	7	3	0	3	0
51	 181 B	G	1	4	2	0	2	0
51	 182 B	A	1	5	1	0	1	0
51	 183 B	A	1	5	3	0	3	0
51	 184 B	A	1	5	4	0	4	0
51	 185 B	G	1	4	2	0	2	0
51	 186 B	L	1	8	3	0	3	0
51	 187 B	A	1	5	1	0	1	0
51	 188 B	A	1	5	2	0	2	0
51	 189 B	A	1	5	0	0	0	0
51	 190 B	F	1	11	1	0	0	1
53	 193 B	P	1	7	6	0	6	0
53	 194 B	L	1	8	3	0	3	0
53	 195 B	A	1	5	0	0	0	0
53	 196 B	G	1	4	3	0	3	0
53	 197 B	I	1	8	3	0	3	0
53	 198 B	L	1	8	3	0	3	0
53	 199 B	F	1	11	3	0	3	0
53	 200 B	I	1	8	3	0	3	1
53	 201 B	I	0	8	3	0	0	3
55	 215 B	I	0	8	5	0	0	5
55	 216 B	K	1	9	6	0	4	3
55	 217 B	A	1	5	4	0	4	0
55	 218 B	V	1	7	5	0	5	0
55	 219 B	F	1	11	8	0	8	0
55	 220 B	I	1	8	5	3	5	1
55	 221 B	G	1	4	2	0	2	0
55	 222 B	V	1	7	3	0	3	0
55	 223 B	I	1	8	4	3	3	0
55	 224 B	M	1	8	4	3	3	0
55	 225 B	S	1	6	3	0	3	0
55	 226 B	T	1	7	3	0	3	0
55	 227 B	I	1	8	3	2	1	2
55	 228 B	M	1	8	4	2	4	2
55	 229 B	Y	1	12	4	0	1	3
55	 230 B	R	0	11	6	0	4	5
55	 231 B	I	0	8	4	3	0	4
55	 232 B	F	0	11	10	3	5	8
55	 233 B	N	0	8	6	0	1	6
57	 252 B	L	0	8	5	3	4	4
57	 253 B	W	0	14	12	3	0	12
57	 254 B	L	0	8	3	0	2	1
57	 255 B	Y	0	12	10	0	10	1
57	 256 B	L	1	8	6	4	3	2
57	 257 B	I	1	8	4	4	0	3
57	 258 B	L	1	8	2	0	2	0
57	 259 B	G	1	4	1	0	1	0
57	 260 B	I	1	8	6	4	5	0
57	 261 B	I	1	8	3	3	0	1
57	 262 B	F	1	11	9	0	9	0
57	 263 B	G	1	4	3	0	3	0
57	 264 B	I	1	8	5	5	1	0
57	 265 B	F	1	11	6	4	2	0
57	 266 B	G	1	4	1	0	1	0
57	 267 B	P	1	7	3	1	2	1
57	 268 B	I	1	8	3	3	0	2
57	 269 B	F	1	11	4	0	4	0
57	 270 B	N	1	8	1	0	0	1
57	 271 B	K	1	9	8	8	0	8
57	 272 B	W	1	14	11	10	3	3
57	 273 B	V	1	7	5	0	5	0
57	 274 B	L	1	8	2	2	0	2
57	 275 B	G	1	4	4	2	0	4
57	 276 B	M	1	8	5	2	3	1
57	 277 B	Q	0	9	9	0	3	7
57	 278 B	D	0	8	6	0	0	6
57	 279 B	L	0	8	5	4	0	5
57	 280 B	L	0	8	4	2	2	1
57	 281 B	H	0	10	8	0	1	8
57	 282 B	R	0	11	10	2	0	10
57	 283 B	V	0	7	6	5	2	6
57	 284 B	H	0	10	9	0	7	4
59	 288 B	I	0	8	5	1	3	5
59	 289 B	T	0	7	4	3	0	4
59	 290 B	K	0	9	8	4	4	7
59	 291 B	W	0	14	12	0	11	5
59	 292 B	V	1	7	4	3	3	2
59	 293 B	L	1	8	6	6	0	3
59	 294 B	M	1	8	6	4	3	0
59	 295 B	G	1	4	3	0	3	0
59	 296 B	G	1	4	4	2	4	0
59	 297 B	A	1	5	5	5	0	0
59	 298 B	I	1	8	4	3	3	0
59	 299 B	G	1	4	3	0	3	0
59	 300 B	G	1	4	3	0	3	0
59	 301 B	L	1	8	4	4	1	2
59	 302 B	C	1	6	2	0	1	1
59	 303 B	G	0	4	3	0	3	2
59	 304 B	L	0	8	3	2	1	3
59	 305 B	L	0	8	2	2	1	2
59	 306 B	G	0	4	2	0	0	2
63	 330 B	M	0	8	5	0	0	5
63	 331 B	G	0	4	4	0	0	4
63	 332 B	M	0	8	6	0	0	6
63	 333 B	L	0	8	2	0	0	2
63	 334 B	V	0	7	4	2	0	4
63	 335 B	F	0	11	8	2	0	8
63	 336 B	I	0	8	0	0	0	0
63	 337 B	F	0	11	4	4	2	2
63	 338 B	V	1	7	3	3	0	3
63	 339 B	A	1	5	3	3	0	3
63	 340 B	R	1	11	0	0	0	0
63	 341 B	V	1	7	3	3	1	0
63	 342 B	I	1	8	5	5	0	2
63	 343 B	T	1	7	1	1	1	1
63	 344 B	T	1	7	1	0	1	0
63	 345 B	L	1	8	4	2	4	0
63	 346 B	L	1	8	4	3	3	0
63	 347 B	C	1	6	1	0	1	0
63	 348 B	F	1	11	4	0	2	3
63	 349 B	S	1	6	5	0	5	1
67	 386 B	A	0	5	2	0	0	2
67	 387 B	G	0	4	1	0	0	1
67	 388 B	T	0	7	4	0	3	3
67	 389 B	F	0	11	5	0	5	0
67	 390 B	A	0	5	0	0	0	0
67	 391 B	I	0	8	1	0	1	0
67	 392 B	A	0	5	3	0	3	0
67	 393 B	G	1	4	3	0	3	0
67	 394 B	M	1	8	0	0	0	0
67	 395 B	G	1	4	0	0	0	0
67	 396 B	A	1	5	2	0	2	0
67	 397 B	L	1	8	5	0	5	0
67	 398 B	L	1	8	0	0	0	0
67	 399 B	A	1	5	2	0	2	0
67	 400 B	A	1	5	3	0	3	0
71	 422 B	I	0	8	3	0	3	0
71	 423 B	L	0	8	4	0	4	2
71	 424 B	P	0	7	4	0	4	1
71	 425 B	M	1	8	2	0	2	0
71	 426 B	I	1	8	3	0	3	0
71	 427 B	I	1	8	5	5	4	2
71	 428 B	T	1	7	3	0	3	0
71	 429 B	G	1	4	1	0	1	0
71	 430 B	L	1	8	4	3	4	0
71	 431 B	G	1	4	1	1	0	0
71	 432 B	A	1	5	2	0	2	0
71	 433 B	T	1	7	4	0	4	1
71	 434 B	L	1	8	4	2	3	1
71	 435 B	L	1	8	4	3	4	0
71	 436 B	A	1	5	3	0	3	0
71	 437 B	Q	0	9	7	0	4	4
