H-Nr	AAId	AA	I/A	ges	Kont	Memb	Hel	H2O
4	  23 A	F	0	11	6	0	3	4
4	  24 A	K	0	9	7	0	0	7
4	  25 A	E	0	9	5	0	0	5
4	  26 A	K	0	9	5	0	2	3
4	  27 A	L	0	8	6	2	0	6
4	  28 A	K	0	9	7	2	0	7
4	  29 A	W	0	14	10	0	10	7
4	  30 A	T	0	7	2	2	1	2
4	  31 A	G	1	4	3	3	0	3
4	  32 A	I	1	8	5	5	1	2
4	  33 A	V	1	7	3	0	3	0
4	  34 A	L	1	8	3	1	3	1
4	  35 A	V	1	7	3	3	1	2
4	  36 A	L	1	8	3	2	3	0
4	  37 A	Y	1	12	4	0	4	0
4	  38 A	F	1	11	6	0	6	0
4	  39 A	I	1	8	4	4	2	0
4	  40 A	M	1	8	2	0	2	0
10	 101 A	P	0	7	3	0	0	3
10	 102 A	E	0	9	7	0	0	7
10	 103 A	N	0	8	3	0	0	3
10	 104 A	R	0	11	7	0	0	7
10	 105 A	A	0	5	3	0	0	3
10	 106 A	L	0	8	4	0	0	4
10	 107 A	F	0	11	4	0	0	4
10	 108 A	Q	0	9	7	0	0	7
10	 109 A	G	0	4	1	0	0	1
10	 110 A	C	0	6	2	1	0	2
10	 111 A	Q	0	9	6	0	0	6
10	 112 A	K	0	9	5	0	2	3
10	 113 A	L	1	8	3	3	0	3
10	 114 A	L	1	8	3	3	0	2
10	 115 A	S	1	6	2	0	2	2
10	 116 A	I	1	8	4	3	1	1
10	 117 A	I	1	8	5	5	0	0
10	 118 A	M	1	8	2	2	0	0
10	 119 A	C	1	6	2	0	2	0
10	 120 A	F	1	11	7	7	4	0
10	 121 A	V	1	7	4	4	0	0
10	 122 A	E	1	9	1	0	1	0
10	 123 A	A	1	5	1	0	1	0
10	 124 A	V	1	7	4	3	3	3
10	 125 A	L	0	8	5	3	4	3
10	 126 A	F	0	11	2	0	2	0
10	 127 A	V	0	7	3	0	2	2
10	 128 A	G	0	4	3	0	0	3
12	 137 A	P	0	7	6	0	0	6
12	 138 A	L	0	8	5	0	0	5
12	 139 A	L	0	8	4	0	0	4
12	 140 A	A	0	5	1	0	0	1
12	 141 A	F	0	11	8	5	0	7
12	 142 A	L	0	8	4	2	0	4
12	 143 A	V	0	7	0	0	0	0
12	 144 A	I	1	8	4	2	4	2
12	 145 A	I	1	8	5	5	0	3
12	 146 A	Q	1	9	5	3	3	3
12	 147 A	I	1	8	2	0	2	0
12	 148 A	A	1	5	1	0	1	0
12	 149 A	F	1	11	7	7	2	0
12	 150 A	G	1	4	1	0	1	0
12	 151 A	S	1	6	1	0	1	0
12	 152 A	I	1	8	3	2	2	0
12	 153 A	I	1	8	5	4	3	0
12	 154 A	L	1	8	4	0	4	0
12	 155 A	I	1	8	2	0	1	1
12	 156 A	Y	1	12	8	8	4	6
12	 157 A	L	1	8	4	0	4	0
12	 158 A	D	1	8	3	0	2	3
12	 159 A	E	0	9	3	0	1	3
12	 160 A	I	0	8	4	0	4	0
12	 161 A	V	0	7	2	0	1	1
12	 162 A	S	0	6	5	0	0	5
12	 163 A	K	0	9	7	0	0	7
12	 164 A	Y	0	12	9	0	9	3
14	 169 A	G	1	4	2	0	2	0
14	 170 A	I	1	8	4	0	1	4
14	 171 A	G	1	4	3	0	3	1
14	 172 A	L	1	8	5	0	3	3
14	 173 A	F	1	11	7	0	7	0
14	 174 A	I	1	8	4	0	3	1
14	 175 A	A	1	5	1	0	1	0
14	 176 A	A	1	5	3	0	3	0
14	 177 A	G	1	4	2	0	0	2
14	 178 A	V	1	7	5	0	3	3
14	 179 A	S	1	6	2	0	2	0
14	 180 A	Q	1	9	4	0	3	1
14	 181 A	T	1	7	5	0	0	5
14	 182 A	I	1	8	2	2	1	0
14	 183 A	F	1	11	6	6	4	0
14	 184 A	V	1	7	5	0	4	3
14	 185 A	G	0	4	3	0	0	3
14	 186 A	A	0	5	1	1	0	1
14	 187 A	L	0	8	6	4	3	5
18	 211 A	A	0	5	2	1	0	2
18	 212 A	P	0	7	0	0	0	0
18	 213 A	I	0	8	1	1	0	1
18	 214 A	I	1	8	4	2	0	4
18	 215 A	G	1	4	2	2	0	2
18	 216 A	T	1	7	2	2	1	0
18	 217 A	I	1	8	5	5	0	1
18	 218 A	I	1	8	6	6	1	2
18	 219 A	V	1	7	3	0	3	0
18	 220 A	F	1	11	7	7	3	0
18	 221 A	L	1	8	7	5	6	0
18	 222 A	M	1	8	6	5	3	0
18	 223 A	V	1	7	3	0	3	1
18	 224 A	V	1	7	3	0	3	0
18	 225 A	Y	1	12	10	8	4	3
18	 226 A	A	1	5	1	1	1	1
24	 257 A	I	1	8	4	0	3	3
24	 258 A	P	1	7	2	0	2	0
24	 259 A	V	1	7	3	0	3	0
24	 260 A	I	1	8	4	0	4	3
24	 261 A	L	1	8	6	0	4	2
24	 262 A	A	1	5	3	0	3	0
24	 263 A	A	1	5	3	0	0	3
24	 264 A	A	1	5	0	0	0	0
24	 265 A	L	1	8	4	3	2	0
24	 266 A	F	1	11	5	1	4	2
24	 267 A	A	1	5	1	0	0	1
24	 268 A	N	1	8	2	1	1	0
24	 269 A	I	1	8	3	3	0	2
24	 270 A	Q	0	9	2	0	0	2
24	 271 A	L	0	8	3	0	3	0
24	 272 A	W	0	14	11	10	11	2
24	 273 A	G	0	4	0	0	0	0
24	 274 A	L	0	8	3	0	0	3
24	 275 A	A	0	5	3	1	1	3
24	 276 A	L	0	8	2	2	0	2
24	 277 A	Y	0	12	6	0	0	6
26	 313 A	P	0	7	5	0	0	5
26	 314 A	I	0	8	4	0	0	4
26	 315 A	H	0	10	3	0	0	3
26	 316 A	A	0	5	2	1	2	1
26	 317 A	I	0	8	6	5	0	5
26	 318 A	V	1	7	4	4	0	4
26	 319 A	Y	1	12	5	0	5	1
26	 320 A	M	1	8	4	3	3	0
26	 321 A	I	1	8	4	4	0	1
26	 322 A	A	1	5	1	1	1	1
26	 323 A	M	1	8	4	0	4	1
26	 324 A	I	1	8	4	4	2	0
26	 325 A	I	1	8	5	5	0	0
26	 326 A	T	1	7	4	4	3	0
26	 327 A	C	1	6	4	0	4	0
26	 328 A	V	1	7	5	3	5	2
26	 329 A	M	1	8	5	5	0	3
26	 330 A	F	1	11	7	0	7	0
26	 331 A	G	0	4	1	0	1	0
26	 332 A	I	0	8	5	1	1	4
26	 333 A	F	0	11	3	2	0	3
26	 334 A	W	0	14	7	0	6	4
26	 335 A	V	0	7	3	0	3	2
26	 336 A	E	0	9	6	0	0	6
26	 337 A	T	0	7	4	0	0	4
26	 338 A	T	0	7	6	0	0	6
31	 363 A	E	0	9	7	0	0	7
31	 364 A	K	0	9	7	0	0	7
31	 365 A	A	0	5	5	0	0	5
31	 366 A	I	0	8	5	0	0	5
31	 367 A	E	0	9	3	0	0	3
31	 368 A	H	0	10	7	0	0	7
31	 369 A	R	0	11	6	0	0	6
31	 370 A	L	0	8	1	0	0	1
31	 371 A	K	0	9	6	0	0	6
31	 372 A	R	0	11	9	0	0	9
31	 373 A	Y	0	12	8	0	0	8
31	 374 A	I	0	8	4	0	0	4
31	 375 A	P	0	7	3	0	0	3
31	 376 A	P	0	7	1	0	0	1
31	 377 A	L	0	8	2	0	0	2
31	 378 A	T	0	7	3	0	3	3
31	 379 A	V	0	7	3	2	3	2
31	 380 A	M	0	8	5	4	0	5
31	 381 A	S	0	6	0	0	0	0
31	 382 A	S	1	6	2	0	2	0
31	 383 A	A	1	5	5	2	4	0
31	 384 A	F	1	11	7	6	2	2
31	 385 A	V	1	7	2	0	1	1
31	 386 A	G	1	4	2	0	2	0
31	 387 A	F	1	11	9	7	4	0
31	 388 A	L	1	8	3	2	3	1
31	 389 A	A	1	5	2	0	2	0
31	 390 A	T	1	7	3	0	3	0
31	 391 A	I	1	8	4	4	2	0
31	 392 A	A	1	5	1	0	1	0
31	 393 A	N	1	8	3	0	3	1
31	 394 A	F	0	11	9	8	3	9
31	 395 A	I	0	8	5	3	2	3
33	 402 A	T	1	7	3	0	3	3
33	 403 A	G	1	4	1	0	1	0
33	 404 A	V	1	7	2	1	2	0
33	 405 A	L	1	8	5	0	4	2
33	 406 A	L	1	8	4	0	4	1
33	 407 A	T	1	7	3	0	3	0
33	 408 A	V	1	7	3	0	3	0
33	 409 A	S	1	6	3	0	0	3
33	 410 A	I	1	8	6	0	3	6
33	 411 A	V	1	7	3	1	3	1
33	 412 A	Y	0	12	8	0	8	2
33	 413 A	R	0	11	8	0	0	8
33	 414 A	M	0	8	6	3	0	6
33	 415 A	Y	0	12	9	1	7	6
33	 416 A	E	0	9	5	0	0	5
33	 417 A	Q	0	9	4	0	0	4
33	 418 A	L	0	8	5	0	4	3
33	 419 A	L	0	8	6	0	0	6
40	  30 B	K	0	9	7	7	0	6
40	  31 B	D	0	8	7	1	0	7
40	  32 B	E	0	9	6	0	0	6
40	  33 B	Y	0	12	6	6	5	0
40	  34 B	L	0	8	4	4	0	2
40	  35 B	A	0	5	5	2	0	5
40	  36 B	V	0	7	4	0	3	2
40	  37 B	A	1	5	4	3	3	0
40	  38 B	K	1	9	8	8	0	6
40	  39 B	V	1	7	5	3	3	4
40	  40 B	T	1	7	4	0	4	0
40	  41 B	A	1	5	4	3	2	0
40	  42 B	L	1	8	6	6	0	4
40	  43 B	G	1	4	2	2	1	0
40	  44 B	I	1	8	5	3	5	0
40	  45 B	S	1	6	3	2	2	0
40	  46 B	L	1	8	6	6	0	0
40	  47 B	L	1	8	4	2	3	2
40	  48 B	G	1	4	2	0	2	0
40	  49 B	I	1	8	4	4	1	0
40	  50 B	I	1	8	4	4	3	0
40	  51 B	G	1	4	4	0	4	0
40	  52 B	Y	1	12	7	7	4	4
40	  53 B	I	1	8	6	6	0	0
40	  54 B	I	1	8	6	6	3	0
40	  55 B	H	1	10	5	0	2	4
40	  56 B	V	0	7	4	2	0	4
40	  57 B	P	0	7	4	4	0	4
40	  58 B	A	0	5	3	3	0	3
40	  59 B	T	0	7	5	0	0	5
40	  60 B	Y	0	12	10	2	0	10
40	  61 B	I	0	8	4	2	0	4
40	  62 B	K	0	9	6	2	3	6
40	  63 B	G	0	4	4	0	0	4
40	  64 B	I	0	8	7	0	0	7
40	  65 B	L	0	8	7	0	0	7
43	  30 C	P	0	7	4	0	4	1
43	  31 C	E	0	9	7	1	0	7
43	  32 C	H	0	10	9	5	0	9
43	  33 C	V	0	7	3	3	2	3
43	  34 C	I	1	8	4	2	3	3
43	  35 C	G	1	4	3	3	0	1
43	  36 C	V	1	7	5	5	0	1
43	  37 C	T	1	7	3	1	3	0
43	  38 C	V	1	7	3	3	1	0
43	  39 C	A	1	5	2	2	0	0
43	  40 C	F	1	11	8	4	7	0
43	  41 C	V	1	7	3	2	2	0
43	  42 C	I	1	8	4	4	0	0
43	  43 C	I	1	8	4	4	0	1
43	  44 C	E	1	9	3	3	1	0
43	  45 C	A	1	5	3	2	0	3
43	  46 C	I	0	8	6	5	0	6
43	  47 C	L	0	8	5	3	0	5
43	  48 C	T	0	7	4	0	0	4
43	  49 C	Y	0	12	11	2	3	9
