H-Nr	AAId	AA	I/A	ges	Kont	Memb	Hel	H2O
2	  13 A	S	1	6	5	5	1	2
2	  14 A	G	1	4	3	3	0	2
2	  15 A	G	1	4	2	2	0	1
2	  16 A	I	1	8	4	4	0	2
2	  17 A	I	1	8	4	4	0	0
2	  18 A	L	1	8	4	4	1	0
2	  19 A	I	1	8	4	4	0	0
2	  20 A	I	1	8	5	5	0	0
2	  21 A	A	1	5	2	2	1	0
2	  22 A	A	1	5	1	1	0	0
2	  23 A	I	1	8	4	4	0	0
2	  24 A	L	1	8	4	4	0	1
2	  25 A	A	1	5	0	0	0	0
2	  26 A	M	0	8	4	4	0	3
2	  27 A	I	0	8	6	6	0	4
2	  28 A	M	0	8	3	3	2	3
2	  29 A	A	0	5	0	0	0	0
2	  30 A	N	0	8	5	2	0	5
9	  59 A	M	0	8	2	1	0	2
9	  60 A	L	0	8	4	0	3	3
9	  61 A	L	0	8	4	0	0	4
9	  62 A	W	0	14	6	3	2	6
9	  63 A	I	1	8	5	5	0	4
9	  64 A	N	1	8	4	0	3	2
9	  65 A	D	1	8	3	0	2	1
9	  66 A	A	1	5	3	3	0	1
9	  67 A	L	1	8	4	2	4	0
9	  68 A	M	1	8	2	0	2	0
9	  69 A	A	1	5	2	2	1	0
9	  70 A	V	1	7	3	3	1	0
9	  71 A	F	1	11	3	2	2	0
9	  72 A	F	1	11	7	0	7	0
9	  73 A	L	1	8	5	2	5	0
9	  74 A	L	1	8	5	2	4	2
9	  75 A	V	1	7	4	3	1	0
9	  76 A	G	1	4	1	0	1	0
9	  77 A	L	1	8	5	0	4	3
9	  78 A	E	1	9	5	2	3	5
9	  79 A	V	1	7	3	1	3	1
9	  80 A	K	0	9	4	3	3	4
9	  81 A	R	0	11	7	0	0	7
9	  82 A	E	0	9	1	0	1	0
9	  83 A	L	0	8	3	3	0	3
9	  84 A	M	0	8	5	1	0	5
19	 153 A	K	0	9	5	0	0	5
19	 154 A	I	0	8	6	0	0	6
19	 155 A	F	0	11	3	0	0	3
19	 156 A	L	0	8	0	0	0	0
19	 157 A	M	1	8	3	1	0	3
19	 158 A	A	1	5	1	0	0	1
19	 159 A	L	1	8	0	0	0	0
19	 160 A	A	1	5	0	0	0	0
19	 161 A	I	1	8	2	1	2	1
19	 162 A	I	1	8	3	3	0	0
19	 163 A	D	1	8	1	1	0	0
19	 164 A	D	1	8	0	0	0	0
19	 165 A	L	1	8	4	3	1	0
19	 166 A	G	1	4	2	2	0	0
19	 167 A	A	1	5	0	0	0	0
19	 168 A	I	1	8	4	0	4	0
19	 169 A	I	1	8	4	4	1	0
19	 170 A	I	1	8	6	6	0	0
19	 171 A	I	1	8	3	0	1	2
19	 172 A	A	1	5	2	2	1	1
19	 173 A	L	1	8	7	7	0	3
19	 174 A	F	1	11	8	4	0	7
21	 181 A	M	0	8	7	2	0	7
21	 182 A	A	0	5	4	3	0	4
21	 183 A	S	0	6	4	2	2	3
21	 184 A	L	1	8	6	6	0	5
21	 185 A	G	1	4	3	3	0	1
21	 186 A	V	1	7	4	4	2	3
21	 187 A	A	1	5	3	2	2	1
21	 188 A	A	1	5	4	4	0	0
21	 189 A	V	1	7	4	4	0	0
21	 190 A	A	1	5	2	2	1	0
21	 191 A	I	1	8	5	5	1	0
21	 192 A	A	1	5	2	2	0	0
21	 193 A	V	1	7	3	3	1	0
21	 194 A	L	1	8	7	0	7	0
21	 195 A	A	1	5	4	3	3	3
21	 196 A	V	1	7	5	5	0	0
21	 197 A	L	1	8	6	2	4	2
21	 198 A	N	1	8	6	4	2	5
21	 199 A	L	0	8	7	4	0	7
23	 206 A	G	1	4	3	3	0	1
23	 207 A	V	1	7	5	5	2	1
23	 208 A	Y	1	12	6	0	6	0
23	 209 A	I	1	8	6	6	1	0
23	 210 A	L	1	8	6	6	0	0
23	 211 A	V	1	7	4	4	3	0
23	 212 A	G	1	4	2	2	0	0
23	 213 A	V	1	7	5	5	0	0
23	 214 A	V	1	7	4	4	1	0
23	 215 A	L	1	8	4	3	4	0
23	 216 A	W	1	14	10	9	4	2
23	 217 A	T	1	7	4	4	0	2
23	 218 A	A	1	5	3	3	2	3
25	 223 A	G	1	4	2	0	0	2
25	 224 A	V	1	7	4	0	1	3
25	 225 A	H	1	10	4	4	0	2
25	 226 A	A	1	5	4	0	4	0
25	 227 A	T	1	7	2	0	1	1
25	 228 A	L	1	8	4	3	3	0
25	 229 A	A	1	5	3	3	1	0
25	 230 A	G	1	4	3	2	2	0
25	 231 A	V	1	7	2	1	2	0
25	 232 A	I	1	8	4	2	2	0
25	 233 A	V	1	7	3	2	2	0
25	 234 A	G	1	4	4	0	4	0
25	 235 A	F	1	11	7	5	4	3
25	 236 A	F	1	11	8	6	4	2
27	 247 A	P	0	7	4	0	0	4
27	 248 A	A	0	5	2	0	0	2
27	 249 A	K	0	9	7	0	0	7
27	 250 A	R	0	11	8	2	0	8
27	 251 A	L	0	8	4	1	3	1
27	 252 A	E	0	9	6	1	3	5
27	 253 A	H	0	10	7	2	0	7
27	 254 A	V	0	7	4	4	0	4
27	 255 A	L	1	8	4	1	3	1
27	 256 A	H	1	10	8	5	2	6
27	 257 A	P	1	7	4	4	0	2
27	 258 A	W	1	14	11	11	0	0
27	 259 A	V	1	7	3	1	3	1
27	 260 A	A	1	5	3	3	0	1
27	 261 A	Y	1	12	8	8	1	2
27	 262 A	L	1	8	3	3	0	0
27	 263 A	I	1	8	3	2	3	0
27	 264 A	L	1	8	4	3	4	0
27	 265 A	P	1	7	3	2	1	0
27	 266 A	L	1	8	5	4	1	1
27	 267 A	F	1	11	8	0	8	0
27	 268 A	A	1	5	1	0	1	0
27	 269 A	F	1	11	7	7	2	3
27	 270 A	A	1	5	2	1	0	2
27	 271 A	N	1	8	5	0	1	5
