H-Nr	AAId	AA	I/A	ges	Kont	Memb	Hel	H2O
6	  41 A	G	1	4	3	2	0	1
6	  42 A	A	1	5	1	0	0	1
6	  43 A	F	1	11	2	0	2	0
6	  44 A	M	1	8	2	2	1	0
6	  45 A	I	1	8	3	3	0	0
6	  46 A	P	1	7	4	0	4	0
6	  47 A	Y	1	12	7	1	7	0
6	  48 A	I	1	8	4	4	0	0
6	  49 A	I	1	8	4	4	3	0
6	  50 A	A	1	5	1	0	1	0
6	  51 A	F	1	11	7	3	6	0
6	  52 A	L	1	8	5	4	1	0
6	  53 A	L	1	8	4	3	2	0
6	  54 A	V	1	7	2	0	2	0
6	  55 A	G	1	4	1	0	1	0
6	  56 A	I	1	8	4	2	3	0
6	  57 A	P	1	7	4	0	4	0
6	  58 A	L	1	8	2	0	2	0
6	  59 A	M	1	8	0	0	0	0
6	  60 A	W	1	14	7	1	6	2
6	  61 A	I	1	8	4	0	4	0
6	  62 A	E	1	9	3	0	3	0
6	  63 A	W	0	14	5	0	5	0
6	  64 A	A	0	5	1	0	1	0
6	  65 A	M	0	8	3	0	3	0
6	  66 A	G	0	4	0	0	0	0
6	  67 A	R	0	11	2	0	0	2
6	  68 A	Y	0	12	5	0	0	5
6	  69 A	G	0	4	0	0	0	0
6	  70 A	G	0	4	2	0	0	2
10	  88 A	R	0	11	8	5	0	8
10	  89 A	F	1	11	8	8	0	2
10	  90 A	A	1	5	0	0	0	0
10	  91 A	K	1	9	5	1	2	5
10	  92 A	I	1	8	3	3	0	2
10	  93 A	L	1	8	3	2	2	0
10	  94 A	G	1	4	0	0	0	0
10	  95 A	V	1	7	3	0	3	0
10	  96 A	F	1	11	7	3	7	0
10	  97 A	G	1	4	2	0	2	0
10	  98 A	L	1	8	4	0	4	0
10	  99 A	W	1	14	10	3	8	0
10	 100 A	I	1	8	2	0	2	0
10	 101 A	P	1	7	2	0	2	0
10	 102 A	L	1	8	2	0	2	0
10	 103 A	V	1	7	1	0	1	0
10	 104 A	V	1	7	2	0	2	0
10	 105 A	A	1	5	3	0	3	0
10	 106 A	I	1	8	4	0	4	0
10	 107 A	Y	1	12	2	0	1	1
10	 108 A	Y	1	12	7	0	7	2
10	 109 A	V	1	7	3	0	3	0
10	 110 A	Y	1	12	8	0	8	1
10	 111 A	I	1	8	2	0	0	2
10	 112 A	E	1	9	4	0	4	0
10	 113 A	S	1	6	4	0	4	0
10	 114 A	W	1	14	2	0	0	2
10	 115 A	T	1	7	4	0	4	0
10	 116 A	L	1	8	4	3	4	0
10	 117 A	G	1	4	3	0	3	0
10	 118 A	F	1	11	2	0	2	0
10	 119 A	A	1	5	4	1	4	0
10	 120 A	I	1	8	5	4	2	1
10	 121 A	K	1	9	4	2	2	3
10	 122 A	F	1	11	6	1	6	1
10	 123 A	L	1	8	6	5	4	1
15	 166 A	L	0	8	6	5	0	6
15	 167 A	F	1	11	8	5	3	7
15	 168 A	A	1	5	0	0	0	0
15	 169 A	Y	1	12	8	8	3	2
15	 170 A	I	1	8	4	4	0	1
15	 171 A	V	1	7	1	0	1	0
15	 172 A	F	1	11	7	0	7	0
15	 173 A	L	1	8	6	6	2	0
15	 174 A	I	1	8	4	4	1	0
15	 175 A	T	1	7	3	0	3	0
15	 176 A	M	1	8	4	1	3	0
15	 177 A	F	1	11	8	8	0	0
15	 178 A	I	1	8	3	3	2	0
15	 179 A	N	1	8	4	0	4	0
15	 180 A	V	1	7	3	3	2	0
15	 181 A	S	1	6	5	5	0	2
15	 182 A	I	1	8	5	5	3	4
15	 183 A	L	1	8	5	0	4	1
17	 191 A	I	1	8	3	0	3	0
17	 192 A	E	1	9	3	0	0	3
17	 193 A	R	1	11	9	2	0	9
17	 194 A	F	1	11	8	4	7	2
17	 195 A	A	1	5	0	0	0	0
17	 196 A	K	1	9	5	2	0	5
17	 197 A	I	1	8	6	6	0	2
17	 198 A	A	1	5	2	0	2	0
17	 199 A	M	1	8	4	4	0	0
17	 200 A	P	1	7	3	3	0	1
17	 201 A	T	1	7	4	4	2	0
17	 202 A	L	1	8	5	1	5	0
17	 203 A	F	1	11	7	7	0	0
17	 204 A	I	1	8	5	5	0	0
17	 205 A	L	1	8	4	2	3	0
17	 206 A	A	1	5	2	0	2	0
17	 207 A	V	1	7	3	3	0	0
17	 208 A	F	1	11	8	8	2	0
17	 209 A	L	1	8	2	0	2	0
17	 210 A	V	1	7	2	2	0	0
17	 211 A	I	1	8	4	4	0	0
17	 212 A	R	1	11	8	6	2	4
17	 213 A	V	1	7	0	0	0	0
24	 241 A	P	1	7	4	4	0	4
24	 242 A	G	1	4	3	0	0	3
24	 243 A	V	1	7	2	0	1	1
24	 244 A	W	1	14	10	9	6	2
24	 245 A	I	1	8	5	1	4	4
24	 246 A	A	1	5	4	0	2	3
24	 247 A	A	1	5	3	0	3	0
24	 248 A	V	1	7	3	0	3	0
24	 249 A	G	1	4	1	0	0	1
24	 250 A	Q	1	9	3	0	3	0
24	 251 A	I	1	8	4	0	4	0
24	 252 A	F	1	11	6	0	6	0
24	 253 A	F	1	11	3	0	1	3
24	 254 A	T	1	7	3	0	3	0
28	 276 A	V	0	7	3	0	3	0
28	 277 A	L	0	8	3	1	0	3
28	 278 A	S	0	6	3	0	1	2
28	 279 A	G	0	4	1	0	1	0
28	 280 A	L	1	8	4	3	2	3
28	 281 A	T	1	7	4	4	0	4
28	 282 A	A	1	5	0	0	0	0
28	 283 A	A	1	5	1	0	1	0
28	 284 A	T	1	7	3	3	0	0
28	 285 A	L	1	8	5	5	0	3
28	 286 A	N	1	8	1	0	1	0
28	 287 A	E	1	9	4	3	3	0
28	 288 A	K	1	9	5	5	0	0
28	 289 A	A	1	5	2	2	0	0
28	 290 A	E	1	9	4	0	4	0
28	 291 A	V	1	7	4	4	2	0
36	 337 A	G	0	4	2	0	0	2
36	 338 A	T	0	7	4	2	1	4
36	 339 A	F	1	11	8	8	0	2
36	 340 A	L	1	8	4	4	3	2
36	 341 A	G	1	4	1	0	1	0
36	 342 A	F	1	11	8	3	8	0
36	 343 A	L	1	8	2	2	2	0
36	 344 A	W	1	14	3	0	3	0
36	 345 A	F	1	11	8	0	8	0
36	 346 A	F	1	11	5	5	2	0
36	 347 A	L	1	8	4	0	4	0
36	 348 A	L	1	8	3	0	3	0
36	 349 A	F	1	11	8	1	8	0
36	 350 A	F	1	11	4	3	3	0
36	 351 A	A	1	5	2	0	2	0
36	 352 A	G	1	4	2	0	2	0
36	 353 A	L	1	8	5	1	5	0
36	 354 A	T	1	7	1	0	1	0
36	 355 A	S	1	6	1	0	1	0
36	 356 A	S	1	6	2	0	2	0
36	 357 A	I	1	8	3	0	3	0
36	 358 A	A	1	5	0	0	0	0
36	 359 A	I	1	8	4	0	4	0
36	 360 A	M	1	8	3	0	3	0
36	 361 A	Q	1	9	2	0	1	2
36	 362 A	P	1	7	2	0	2	0
36	 363 A	M	1	8	4	1	4	0
36	 364 A	I	1	8	3	0	3	1
36	 365 A	A	0	5	0	0	0	0
36	 366 A	F	0	11	7	0	7	1
36	 367 A	L	0	8	3	2	2	1
36	 368 A	E	0	9	7	0	2	7
36	 369 A	D	0	8	4	0	0	4
38	 375 A	R	0	11	9	0	3	8
38	 376 A	K	0	9	6	2	0	6
38	 377 A	H	0	10	6	3	0	6
38	 378 A	A	1	5	2	0	2	0
38	 379 A	V	1	7	4	0	4	0
38	 380 A	L	1	8	6	6	1	1
38	 381 A	W	1	14	10	10	0	3
38	 382 A	T	1	7	3	0	3	0
38	 383 A	A	1	5	3	2	2	0
38	 384 A	A	1	5	5	5	0	0
38	 385 A	I	1	8	5	5	2	0
38	 386 A	V	1	7	2	0	2	0
38	 387 A	F	1	11	7	6	3	0
38	 388 A	F	1	11	8	8	2	0
38	 389 A	S	1	6	4	1	3	0
38	 390 A	A	1	5	3	0	3	0
38	 391 A	H	1	10	7	7	3	3
38	 392 A	L	1	8	6	6	2	2
38	 393 A	V	1	7	3	0	2	2
38	 394 A	M	1	8	5	0	5	0
38	 395 A	F	0	11	8	4	0	8
42	 410 A	I	1	8	3	3	1	0
42	 411 A	G	1	4	3	1	2	0
42	 412 A	V	1	7	4	0	4	0
42	 413 A	V	1	7	4	0	4	0
42	 414 A	F	1	11	8	7	2	0
42	 415 A	F	1	11	5	0	5	0
42	 416 A	G	1	4	1	0	1	0
42	 417 A	L	1	8	4	3	3	0
42	 418 A	T	1	7	3	3	1	0
42	 419 A	E	1	9	4	0	4	0
42	 420 A	L	1	8	4	0	4	0
42	 421 A	I	1	8	3	3	0	0
42	 422 A	I	1	8	1	1	0	0
42	 423 A	F	0	11	7	0	7	0
42	 424 A	F	0	11	5	1	4	1
46	 447 A	I	0	8	6	5	0	5
46	 448 A	Y	1	12	6	4	6	1
46	 449 A	Y	1	12	8	0	2	8
46	 450 A	Y	1	12	8	5	0	8
46	 451 A	V	1	7	2	1	1	0
46	 452 A	M	1	8	5	0	5	0
46	 453 A	R	1	11	7	3	2	4
46	 454 A	Y	1	12	11	11	0	5
46	 455 A	I	1	8	4	4	1	0
46	 456 A	T	1	7	3	0	3	0
46	 457 A	P	1	7	5	3	4	0
46	 458 A	A	1	5	4	4	0	0
46	 459 A	F	1	11	9	7	3	0
46	 460 A	L	1	8	3	0	3	0
46	 461 A	A	1	5	4	4	0	0
46	 462 A	V	1	7	4	4	0	0
46	 463 A	L	1	8	5	3	3	0
46	 464 A	L	1	8	6	6	3	0
46	 465 A	V	1	7	4	4	0	0
46	 466 A	V	1	7	3	3	0	2
46	 467 A	W	1	14	10	1	9	3
46	 468 A	A	1	5	2	2	0	1
46	 469 A	R	0	11	9	8	0	5
50	 483 A	V	0	7	2	0	0	2
50	 484 A	W	0	14	12	4	0	12
50	 485 A	I	0	8	5	3	1	5
50	 486 A	T	1	7	0	0	0	0
50	 487 A	R	1	11	4	3	0	4
50	 488 A	F	1	11	9	9	0	3
50	 489 A	Y	1	12	9	7	6	1
50	 490 A	I	1	8	5	2	5	0
50	 491 A	I	1	8	4	4	0	1
50	 492 A	G	1	4	4	4	0	0
50	 493 A	L	1	8	4	2	2	0
50	 494 A	F	1	11	9	6	7	0
50	 495 A	L	1	8	6	6	0	0
50	 496 A	F	1	11	9	9	2	0
50	 497 A	L	1	8	3	0	3	0
50	 498 A	T	1	7	2	2	0	0
50	 499 A	F	1	11	8	8	0	0
50	 500 A	L	1	8	3	2	2	0
50	 501 A	V	1	7	3	2	2	1
50	 502 A	F	1	11	8	8	0	6
50	 503 A	L	0	8	5	5	0	4
50	 504 A	A	0	5	3	0	1	3
50	 505 A	E	0	9	5	3	1	5
50	 506 A	R	0	11	9	5	0	9
50	 507 A	R	0	11	6	1	0	6
50	 508 A	R	0	11	7	0	0	7
50	 509 A	N	0	8	7	0	0	7
50	 510 A	H	0	10	8	0	0	8
50	 511 A	E	0	9	7	0	0	7
50	 512 A	S	0	6	5	0	0	5
50	 513 A	A	0	5	4	0	0	4
