H-Nr	AAId	AA	I/A	ges	Kont	Memb	Hel	H2O
2	  33 A	A	0	5	5	0	0	5
2	  34 A	F	0	11	8	0	3	8
2	  35 A	W	0	14	11	0	0	11
2	  36 A	K	0	9	8	0	2	7
2	  37 A	A	0	5	2	0	1	1
2	  38 A	V	0	7	3	2	2	2
2	  39 A	T	1	7	4	4	0	4
2	  40 A	A	1	5	2	2	2	1
2	  41 A	E	1	9	4	0	4	0
2	  42 A	F	1	11	8	7	6	1
2	  43 A	L	1	8	4	3	1	0
2	  44 A	A	1	5	2	0	2	0
2	  45 A	M	1	8	2	0	2	0
2	  46 A	L	1	8	5	3	4	0
2	  47 A	I	1	8	3	3	1	0
2	  48 A	F	1	11	7	0	7	0
2	  49 A	V	1	7	0	0	0	0
2	  50 A	L	1	8	5	4	3	0
2	  51 A	L	1	8	5	5	0	1
2	  52 A	S	1	6	5	0	5	0
2	  53 A	V	1	7	2	0	2	0
2	  54 A	G	1	4	3	2	2	1
2	  55 A	S	0	6	4	4	2	4
2	  56 A	T	0	7	6	0	3	5
2	  57 A	I	0	8	4	1	0	4
2	  58 A	N	0	8	7	1	0	7
2	  59 A	W	0	14	12	0	6	8
4	  68 A	V	0	7	4	0	0	4
4	  69 A	D	0	8	5	0	2	3
4	  70 A	M	0	8	4	1	2	4
4	  71 A	V	0	7	3	3	0	3
4	  72 A	L	0	8	4	3	1	4
4	  73 A	I	1	8	4	0	4	2
4	  74 A	S	1	6	3	0	3	0
4	  75 A	L	1	8	4	4	0	2
4	  76 A	C	1	6	4	4	2	1
4	  77 A	F	1	11	9	0	9	1
4	  78 A	G	1	4	4	2	3	0
4	  79 A	L	1	8	6	6	0	0
4	  80 A	S	1	6	3	2	2	0
4	  81 A	I	1	8	4	0	4	0
4	  82 A	A	1	5	2	2	1	0
4	  83 A	T	1	7	4	4	0	0
4	  84 A	M	1	8	3	1	3	0
4	  85 A	V	1	7	5	4	1	2
4	  86 A	Q	1	9	8	8	3	1
4	  87 A	C	1	6	4	4	0	1
4	  88 A	F	1	11	7	3	6	1
4	  89 A	G	0	4	3	1	0	3
4	  90 A	H	0	10	10	4	0	10
4	  91 A	I	0	8	7	1	4	7
4	  92 A	S	0	6	5	0	4	3
8	 112 A	I	0	8	6	0	0	6
8	 113 A	A	0	5	3	0	0	3
8	 114 A	K	0	9	7	0	4	5
8	 115 A	S	0	6	1	1	0	1
8	 116 A	V	1	7	4	4	0	3
8	 117 A	F	1	11	5	2	0	5
8	 118 A	Y	1	12	4	0	4	1
8	 119 A	I	1	8	3	3	0	2
8	 120 A	T	1	7	4	4	0	1
8	 121 A	A	1	5	3	2	2	0
8	 122 A	Q	1	9	5	0	5	0
8	 123 A	C	1	6	2	2	0	0
8	 124 A	L	1	8	5	5	3	0
8	 125 A	G	1	4	3	0	3	0
8	 126 A	A	1	5	1	0	1	0
8	 127 A	I	1	8	3	3	0	0
8	 128 A	I	1	8	6	5	3	0
8	 129 A	G	1	4	2	0	2	0
8	 130 A	A	1	5	0	0	0	0
8	 131 A	G	1	4	2	2	0	2
8	 132 A	I	1	8	6	6	2	2
8	 133 A	L	1	8	3	1	3	1
8	 134 A	Y	0	12	6	2	0	6
8	 135 A	L	0	8	6	3	0	6
8	 136 A	V	0	7	5	2	0	5
10	 156 A	A	0	5	3	1	2	3
10	 157 A	G	1	4	4	4	0	3
10	 158 A	H	1	10	8	7	0	8
10	 159 A	G	1	4	2	1	1	1
10	 160 A	L	1	8	4	3	3	1
10	 161 A	L	1	8	4	4	0	1
10	 162 A	V	1	7	4	3	3	1
10	 163 A	E	1	9	5	0	5	0
10	 164 A	L	1	8	5	4	2	0
10	 165 A	I	1	8	4	4	0	0
10	 166 A	I	1	8	2	1	2	0
10	 167 A	T	1	7	3	0	3	0
10	 168 A	F	1	11	10	5	10	0
10	 169 A	Q	1	9	6	5	2	0
10	 170 A	L	1	8	4	0	4	0
10	 171 A	V	1	7	3	0	3	0
10	 172 A	F	1	11	9	7	5	3
10	 173 A	T	1	7	4	4	3	3
10	 174 A	I	1	8	3	1	2	1
10	 175 A	F	0	11	6	0	5	3
10	 176 A	A	0	5	4	1	1	3
10	 177 A	S	0	6	4	2	0	4
10	 178 A	C	0	6	5	2	0	5
12	 189 A	V	0	7	5	5	0	5
12	 190 A	A	1	5	4	3	3	2
12	 191 A	L	1	8	4	4	0	0
12	 192 A	A	1	5	4	4	1	1
12	 193 A	I	1	8	4	1	4	1
12	 194 A	G	1	4	1	0	1	0
12	 195 A	F	1	11	6	6	0	0
12	 196 A	S	1	6	4	3	2	0
12	 197 A	V	1	7	3	0	3	0
12	 198 A	A	1	5	1	1	0	0
12	 199 A	I	1	8	3	3	0	0
12	 200 A	G	1	4	1	1	0	0
12	 201 A	H	1	10	5	0	5	1
12	 202 A	L	1	8	8	7	4	5
12	 203 A	F	1	11	9	9	3	4
12	 204 A	A	1	5	1	0	1	0
12	 205 A	I	0	8	5	1	1	4
12	 206 A	N	0	8	8	2	1	8
12	 207 A	Y	0	12	8	5	1	8
12	 208 A	T	0	7	4	0	4	0
16	 231 A	W	1	14	12	12	0	4
16	 232 A	I	1	8	2	0	2	1
16	 233 A	Y	1	12	3	0	3	0
16	 234 A	W	1	14	11	11	0	0
16	 235 A	V	1	7	4	3	2	0
16	 236 A	G	1	4	0	0	0	0
16	 237 A	P	1	7	6	0	6	0
16	 238 A	I	1	8	3	3	0	0
16	 239 A	I	1	8	4	4	2	0
16	 240 A	G	1	4	3	0	3	0
16	 241 A	A	1	5	3	0	3	0
16	 242 A	V	1	7	5	5	0	3
16	 243 A	L	1	8	5	4	2	1
16	 244 A	A	1	5	3	0	3	0
16	 245 A	G	1	4	3	2	2	2
16	 246 A	A	0	5	3	2	0	3
16	 247 A	L	0	8	3	3	1	2
16	 248 A	Y	0	12	7	1	7	4
16	 249 A	E	0	9	8	0	1	8
