H-Nr	AAId	AA	I/A	ges	Kont	Memb	Hel	H2O
26	 244 A	E	0	9	6	0	0	6
26	 245 A	K	0	9	8	0	0	8
26	 246 A	E	0	9	6	0	0	6
26	 247 A	T	0	7	0	0	0	0
26	 248 A	V	0	7	3	0	0	3
26	 249 A	P	0	7	4	0	0	4
26	 250 A	Y	0	12	3	0	0	3
26	 251 A	F	0	11	0	0	0	0
26	 252 A	R	0	11	6	0	0	6
26	 253 A	D	0	8	2	0	0	2
26	 254 A	V	0	7	0	0	0	0
26	 255 A	Y	0	12	3	0	0	3
26	 256 A	D	0	8	5	0	0	5
26	 257 A	H	0	10	4	0	0	4
26	 258 A	T	0	7	0	0	0	0
26	 259 A	I	0	8	3	0	0	3
26	 260 A	Q	0	9	5	0	0	5
26	 261 A	I	0	8	0	0	0	0
26	 262 A	A	0	5	2	0	0	2
26	 263 A	D	0	8	5	0	0	5
26	 264 A	T	0	7	4	0	0	4
26	 265 A	V	0	7	0	0	0	0
26	 266 A	E	0	9	5	0	0	5
26	 267 A	T	0	7	4	0	0	4
26	 268 A	F	0	11	2	0	0	2
26	 269 A	R	0	11	6	0	3	6
26	 270 A	D	0	8	5	0	2	5
26	 271 A	I	0	8	1	0	0	1
26	 272 A	V	0	7	2	0	0	2
26	 273 A	S	0	6	5	0	0	5
26	 274 A	G	0	4	1	0	0	1
26	 275 A	L	0	8	0	0	0	0
26	 276 A	L	0	8	3	0	2	2
26	 277 A	D	0	8	4	0	0	4
26	 278 A	V	0	7	1	0	1	1
26	 279 A	Y	0	12	3	0	3	0
26	 280 A	L	0	8	3	0	3	1
26	 281 A	S	0	6	3	0	3	0
26	 282 A	S	0	6	0	0	0	0
26	 283 A	V	0	7	2	0	1	1
26	 284 A	S	0	6	0	0	0	0
26	 285 A	N	0	8	3	0	0	3
26	 286 A	K	0	9	6	0	0	6
26	 287 A	T	0	7	2	0	2	0
26	 288 A	N	0	8	4	0	3	2
26	 289 A	E	0	9	5	0	0	5
26	 290 A	V	0	7	5	0	3	3
26	 291 A	M	0	8	7	0	7	1
26	 292 A	K	0	9	5	1	1	4
26	 293 A	V	0	7	4	2	2	4
26	 294 A	L	1	8	6	0	6	2
26	 295 A	T	1	7	4	0	4	0
26	 296 A	I	1	8	3	3	0	2
26	 297 A	I	1	8	5	2	5	1
26	 298 A	A	1	5	4	0	4	1
26	 299 A	T	1	7	4	1	4	0
26	 300 A	I	1	8	3	2	2	0
26	 301 A	F	1	11	7	3	6	2
26	 302 A	M	1	8	6	0	3	5
26	 303 A	P	1	7	3	1	3	0
26	 304 A	L	1	8	5	1	5	0
26	 305 A	T	1	7	5	0	3	4
26	 306 A	F	1	11	8	3	7	2
26	 307 A	I	1	8	4	3	2	3
29	 328 A	P	0	7	5	1	0	5
29	 329 A	V	0	7	3	2	0	3
29	 330 A	V	0	7	4	3	0	4
29	 331 A	L	1	8	6	6	0	5
29	 332 A	A	1	5	4	4	0	1
29	 333 A	V	1	7	4	4	0	2
29	 334 A	M	1	8	6	4	5	1
29	 335 A	G	1	4	4	4	0	0
29	 336 A	V	1	7	6	6	0	0
29	 337 A	I	1	8	4	3	2	0
29	 338 A	A	1	5	2	2	0	0
29	 339 A	V	1	7	5	5	0	0
29	 340 A	I	1	8	5	5	0	0
29	 341 A	M	1	8	4	2	3	0
29	 342 A	V	1	7	3	3	0	1
56	 244 B	E	0	9	6	0	0	6
56	 245 B	K	0	9	8	0	0	8
56	 246 B	E	0	9	6	0	0	6
56	 247 B	T	0	7	0	0	0	0
56	 248 B	V	0	7	3	0	0	3
56	 249 B	P	0	7	5	0	0	5
56	 250 B	Y	0	12	3	0	0	3
56	 251 B	F	0	11	0	0	0	0
56	 252 B	R	0	11	7	0	0	7
56	 253 B	D	0	8	3	0	0	3
56	 254 B	V	0	7	0	0	0	0
56	 255 B	Y	0	12	3	0	0	3
56	 256 B	D	0	8	3	0	0	3
56	 257 B	H	0	10	0	0	0	0
56	 258 B	T	0	7	0	0	0	0
56	 259 B	I	0	8	4	0	0	4
56	 260 B	Q	0	9	4	0	0	4
56	 261 B	I	0	8	0	0	0	0
56	 262 B	A	0	5	2	0	0	2
56	 263 B	D	0	8	5	0	0	5
56	 264 B	T	0	7	4	0	0	4
56	 265 B	V	0	7	0	0	0	0
56	 266 B	E	0	9	5	0	0	5
56	 267 B	T	0	7	4	0	0	4
56	 268 B	F	0	11	2	0	0	2
56	 269 B	R	0	11	6	0	2	6
56	 270 B	D	0	8	5	0	1	5
56	 271 B	I	0	8	1	0	0	1
56	 272 B	V	0	7	2	0	0	2
56	 273 B	S	0	6	5	0	0	5
56	 274 B	G	0	4	1	0	0	1
56	 275 B	L	0	8	0	0	0	0
56	 276 B	L	0	8	2	0	1	2
56	 277 B	D	0	8	4	0	1	4
56	 278 B	V	0	7	1	0	0	1
56	 279 B	Y	0	12	1	0	0	1
56	 280 B	L	0	8	2	0	1	1
56	 281 B	S	0	6	2	0	2	0
56	 282 B	S	0	6	0	0	0	0
56	 283 B	V	0	7	1	0	0	1
56	 284 B	S	0	6	0	0	0	0
56	 285 B	N	0	8	3	0	1	2
56	 286 B	K	0	9	5	0	1	4
56	 287 B	T	0	7	2	0	2	0
56	 288 B	N	0	8	3	0	2	2
56	 289 B	E	0	9	6	0	0	6
56	 290 B	V	0	7	5	0	3	3
56	 291 B	M	0	8	7	0	7	1
56	 292 B	K	0	9	4	1	0	4
56	 293 B	V	0	7	4	3	2	4
56	 294 B	L	1	8	6	0	6	2
56	 295 B	T	1	7	3	0	3	0
56	 296 B	I	1	8	3	3	0	3
56	 297 B	I	1	8	5	2	5	1
56	 298 B	A	1	5	4	0	4	1
56	 299 B	T	1	7	4	1	4	0
56	 300 B	I	1	8	3	1	2	0
56	 301 B	F	1	11	7	3	6	2
56	 302 B	M	1	8	6	0	3	5
56	 303 B	P	1	7	4	2	4	0
56	 304 B	L	1	8	5	1	5	0
56	 305 B	T	1	7	4	0	2	4
56	 306 B	F	1	11	7	3	6	1
56	 307 B	I	1	8	4	3	2	3
59	 328 B	P	0	7	5	0	0	5
59	 329 B	V	0	7	4	2	0	4
59	 330 B	V	0	7	4	3	0	4
59	 331 B	L	0	8	6	4	0	6
59	 332 B	A	1	5	4	4	0	4
59	 333 B	V	1	7	3	3	0	2
59	 334 B	M	1	8	7	4	6	2
59	 335 B	G	1	4	4	4	0	0
59	 336 B	V	1	7	6	6	0	1
59	 337 B	I	1	8	4	3	2	0
59	 338 B	A	1	5	2	2	0	0
59	 339 B	V	1	7	5	5	0	0
59	 340 B	I	1	8	5	5	0	0
59	 341 B	M	1	8	4	2	3	0
59	 342 B	V	1	7	3	3	0	1
86	 244 C	E	0	9	6	0	0	6
86	 245 C	K	0	9	8	0	0	8
86	 246 C	E	0	9	6	0	0	6
86	 247 C	T	0	7	0	0	0	0
86	 248 C	V	0	7	3	0	0	3
86	 249 C	P	0	7	5	0	0	5
86	 250 C	Y	0	12	3	0	0	3
86	 251 C	F	0	11	0	0	0	0
86	 252 C	R	0	11	7	0	0	7
86	 253 C	D	0	8	4	0	0	4
86	 254 C	V	0	7	0	0	0	0
86	 255 C	Y	0	12	3	0	0	3
86	 256 C	D	0	8	5	0	0	5
86	 257 C	H	0	10	5	0	0	5
86	 258 C	T	0	7	0	0	0	0
86	 259 C	I	0	8	4	0	0	4
86	 260 C	Q	0	9	5	0	0	5
86	 261 C	I	0	8	0	0	0	0
86	 262 C	A	0	5	2	0	0	2
86	 263 C	D	0	8	4	0	0	4
86	 264 C	T	0	7	4	0	0	4
86	 265 C	V	0	7	0	0	0	0
86	 266 C	E	0	9	5	0	0	5
86	 267 C	T	0	7	4	0	0	4
86	 268 C	F	0	11	2	0	0	2
86	 269 C	R	0	11	6	0	2	6
86	 270 C	D	0	8	5	0	3	5
86	 271 C	I	0	8	1	0	0	1
86	 272 C	V	0	7	2	0	0	2
86	 273 C	S	0	6	5	0	0	5
86	 274 C	G	0	4	1	0	0	1
86	 275 C	L	0	8	0	0	0	0
86	 276 C	L	0	8	2	0	1	2
86	 277 C	D	0	8	5	0	2	4
86	 278 C	V	0	7	4	0	4	1
86	 279 C	Y	0	12	3	0	3	0
86	 280 C	L	0	8	4	0	4	1
86	 281 C	S	0	6	3	0	3	0
86	 282 C	S	0	6	0	0	0	0
86	 283 C	V	0	7	1	0	0	1
86	 284 C	S	0	6	4	0	4	0
86	 285 C	N	0	8	6	0	4	2
86	 286 C	K	0	9	5	0	1	4
86	 287 C	T	0	7	3	0	3	0
86	 288 C	N	0	8	3	0	2	2
86	 289 C	E	0	9	5	0	0	5
86	 290 C	V	0	7	5	0	2	3
86	 291 C	M	0	8	7	0	7	1
86	 292 C	K	0	9	7	0	3	4
86	 293 C	V	0	7	5	4	2	5
86	 294 C	L	1	8	4	0	4	2
86	 295 C	T	1	7	4	0	4	0
86	 296 C	I	1	8	3	3	0	3
86	 297 C	I	1	8	4	2	4	1
86	 298 C	A	1	5	3	0	2	1
86	 299 C	T	1	7	4	1	4	1
86	 300 C	I	1	8	3	2	2	0
86	 301 C	F	1	11	7	3	7	0
86	 302 C	M	1	8	6	0	3	5
86	 303 C	P	1	7	4	2	4	0
86	 304 C	L	1	8	5	1	5	0
86	 305 C	T	1	7	5	0	3	4
86	 306 C	F	1	11	7	3	5	0
86	 307 C	I	1	8	4	3	2	2
89	 328 C	P	0	7	5	1	0	5
89	 329 C	V	0	7	3	3	0	3
89	 330 C	V	0	7	3	1	0	3
89	 331 C	L	1	8	6	5	0	6
89	 332 C	A	1	5	4	4	0	2
89	 333 C	V	1	7	3	3	0	2
89	 334 C	M	1	8	7	4	6	0
89	 335 C	G	1	4	4	4	0	0
89	 336 C	V	1	7	6	6	0	0
89	 337 C	I	1	8	4	3	2	0
89	 338 C	A	1	5	2	2	0	0
89	 339 C	V	1	7	5	5	0	0
89	 340 C	I	1	8	5	5	0	0
89	 341 C	M	1	8	4	2	3	0
89	 342 C	V	1	7	3	3	0	1
116	 244 D	E	0	9	6	0	0	6
116	 245 D	K	0	9	8	0	0	8
116	 246 D	E	0	9	6	0	0	6
116	 247 D	T	0	7	0	0	0	0
116	 248 D	V	0	7	3	0	0	3
116	 249 D	P	0	7	5	0	0	5
116	 250 D	Y	0	12	3	0	0	3
116	 251 D	F	0	11	0	0	0	0
116	 252 D	R	0	11	7	0	0	7
116	 253 D	D	0	8	3	0	0	3
116	 254 D	V	0	7	0	0	0	0
116	 255 D	Y	0	12	3	0	0	3
116	 256 D	D	0	8	2	0	0	2
116	 257 D	H	0	10	0	0	0	0
116	 258 D	T	0	7	0	0	0	0
116	 259 D	I	0	8	4	0	0	4
116	 260 D	Q	0	9	4	0	0	4
116	 261 D	I	0	8	0	0	0	0
116	 262 D	A	0	5	2	0	0	2
116	 263 D	D	0	8	4	0	0	4
116	 264 D	T	0	7	4	0	0	4
116	 265 D	V	0	7	0	0	0	0
116	 266 D	E	0	9	5	0	0	5
116	 267 D	T	0	7	4	0	0	4
116	 268 D	F	0	11	2	0	0	2
116	 269 D	R	0	11	6	0	2	6
116	 270 D	D	0	8	5	0	2	5
116	 271 D	I	0	8	1	0	0	1
116	 272 D	V	0	7	2	0	0	2
116	 273 D	S	0	6	5	0	0	5
116	 274 D	G	0	4	1	0	0	1
116	 275 D	L	0	8	0	0	0	0
116	 276 D	L	0	8	2	0	1	2
116	 277 D	D	0	8	5	0	2	4
116	 278 D	V	0	7	4	0	4	1
116	 279 D	Y	0	12	3	0	3	0
116	 280 D	L	0	8	3	0	3	1
116	 281 D	S	0	6	3	0	3	0
116	 282 D	S	0	6	0	0	0	0
116	 283 D	V	0	7	2	0	1	1
116	 284 D	S	0	6	3	0	3	0
116	 285 D	N	0	8	6	0	3	4
116	 286 D	K	0	9	6	0	0	6
116	 287 D	T	0	7	3	0	3	0
116	 288 D	N	0	8	4	0	2	2
116	 289 D	E	0	9	6	0	0	6
116	 290 D	V	0	7	4	0	3	4
116	 291 D	M	0	8	7	0	7	1
116	 292 D	K	0	9	5	0	1	4
116	 293 D	V	0	7	4	3	2	4
116	 294 D	L	0	8	6	0	6	2
116	 295 D	T	1	7	4	0	4	0
116	 296 D	I	1	8	3	3	0	3
116	 297 D	I	1	8	4	2	4	1
116	 298 D	A	1	5	3	0	3	1
116	 299 D	T	1	7	4	1	4	0
116	 300 D	I	1	8	3	1	2	0
116	 301 D	F	1	11	7	3	7	0
116	 302 D	M	1	8	6	0	3	4
116	 303 D	P	1	7	4	2	4	0
116	 304 D	L	1	8	4	1	4	0
116	 305 D	T	1	7	4	0	1	4
116	 306 D	F	1	11	8	3	7	0
116	 307 D	I	1	8	4	3	2	2
119	 328 D	P	0	7	5	1	0	5
119	 329 D	V	0	7	3	3	0	3
119	 330 D	V	1	7	4	3	0	4
119	 331 D	L	1	8	6	6	0	4
119	 332 D	A	1	5	4	4	0	1
119	 333 D	V	1	7	3	3	0	2
119	 334 D	M	1	8	7	4	5	0
119	 335 D	G	1	4	4	4	0	0
119	 336 D	V	1	7	5	5	0	0
119	 337 D	I	1	8	4	3	2	0
119	 338 D	A	1	5	2	2	0	0
119	 339 D	V	1	7	5	5	0	0
119	 340 D	I	1	8	5	5	0	0
119	 341 D	M	1	8	4	2	3	1
119	 342 D	V	1	7	3	3	0	2
146	 244 E	E	0	9	6	0	0	6
146	 245 E	K	0	9	8	0	0	8
146	 246 E	E	0	9	6	0	0	6
146	 247 E	T	0	7	0	0	0	0
146	 248 E	V	0	7	3	0	0	3
146	 249 E	P	0	7	5	0	0	5
146	 250 E	Y	0	12	3	0	0	3
146	 251 E	F	0	11	0	0	0	0
146	 252 E	R	0	11	7	0	0	7
146	 253 E	D	0	8	3	0	0	3
146	 254 E	V	0	7	0	0	0	0
146	 255 E	Y	0	12	3	0	0	3
146	 256 E	D	0	8	3	0	0	3
146	 257 E	H	0	10	0	0	0	0
146	 258 E	T	0	7	0	0	0	0
146	 259 E	I	0	8	4	0	0	4
146	 260 E	Q	0	9	4	0	0	4
146	 261 E	I	0	8	0	0	0	0
146	 262 E	A	0	5	2	0	0	2
146	 263 E	D	0	8	5	0	0	5
146	 264 E	T	0	7	4	0	0	4
146	 265 E	V	0	7	0	0	0	0
146	 266 E	E	0	9	5	0	0	5
146	 267 E	T	0	7	5	0	0	5
146	 268 E	F	0	11	2	0	0	2
146	 269 E	R	0	11	6	0	3	6
146	 270 E	D	0	8	5	0	1	5
146	 271 E	I	0	8	1	0	0	1
146	 272 E	V	0	7	2	0	0	2
146	 273 E	S	0	6	5	0	0	5
146	 274 E	G	0	4	1	0	0	1
146	 275 E	L	0	8	0	0	0	0
146	 276 E	L	0	8	3	0	2	2
146	 277 E	D	0	8	4	0	1	4
146	 278 E	V	0	7	1	0	1	1
146	 279 E	Y	0	12	3	0	3	0
146	 280 E	L	0	8	3	0	3	1
146	 281 E	S	0	6	3	0	3	0
146	 282 E	S	0	6	0	0	0	0
146	 283 E	V	0	7	2	0	1	1
146	 284 E	S	0	6	3	0	3	0
146	 285 E	N	0	8	3	0	1	2
146	 286 E	K	0	9	5	0	1	5
146	 287 E	T	0	7	4	0	4	0
146	 288 E	N	0	8	4	0	2	2
146	 289 E	E	0	9	6	0	0	6
146	 290 E	V	0	7	6	0	4	3
146	 291 E	M	0	8	7	0	7	1
146	 292 E	K	0	9	5	0	1	4
146	 293 E	V	0	7	4	3	2	4
146	 294 E	L	1	8	6	0	6	2
146	 295 E	T	1	7	4	0	4	1
146	 296 E	I	1	8	3	3	0	2
146	 297 E	I	1	8	5	2	5	1
146	 298 E	A	1	5	3	0	2	1
146	 299 E	T	1	7	3	2	3	1
146	 300 E	I	1	8	3	2	2	0
146	 301 E	F	1	11	8	3	7	1
146	 302 E	M	1	8	6	0	3	5
146	 303 E	P	1	7	3	2	2	0
146	 304 E	L	1	8	5	1	5	0
146	 305 E	T	1	7	4	0	2	4
146	 306 E	F	1	11	7	3	5	1
146	 307 E	I	1	8	4	3	2	2
149	 328 E	P	0	7	5	2	0	5
149	 329 E	V	0	7	4	4	0	4
149	 330 E	V	1	7	4	3	0	3
149	 331 E	L	1	8	6	6	0	4
149	 332 E	A	1	5	4	4	0	1
149	 333 E	V	1	7	3	3	0	2
149	 334 E	M	1	8	7	4	5	1
149	 335 E	G	1	4	4	4	0	0
149	 336 E	V	1	7	6	6	0	0
149	 337 E	I	1	8	4	3	2	0
149	 338 E	A	1	5	2	2	0	0
149	 339 E	V	1	7	4	4	0	0
149	 340 E	I	1	8	5	5	0	0
149	 341 E	M	1	8	4	2	2	1
149	 342 E	V	1	7	3	3	0	2
