H-Nr	AAId	AA	I/A	ges	Kont	Memb	Hel	H2O
4	  13 A	N	0	8	6	0	0	6
4	  14 A	I	0	8	5	1	5	2
4	  15 A	V	0	7	4	0	1	4
4	  16 A	D	0	8	4	0	1	4
4	  17 A	L	0	8	5	0	5	4
4	  18 A	A	0	5	3	1	3	1
4	  19 A	V	0	7	4	2	3	3
4	  20 A	A	0	5	2	0	2	0
4	  21 A	V	1	7	3	0	1	2
4	  22 A	V	1	7	4	2	4	2
4	  23 A	I	1	8	4	4	0	2
4	  24 A	G	1	4	3	0	3	0
4	  25 A	T	1	7	4	0	0	4
4	  26 A	A	1	5	2	1	1	2
4	  27 A	F	1	11	8	7	5	4
4	  28 A	T	1	7	3	0	2	2
4	  29 A	A	1	5	2	0	0	2
4	  30 A	L	1	8	4	3	3	1
4	  31 A	V	1	7	4	4	3	0
4	  32 A	T	1	7	4	0	3	3
4	  33 A	K	1	9	5	0	2	4
4	  34 A	F	1	11	8	7	5	0
4	  35 A	T	1	7	3	0	3	1
4	  36 A	D	1	8	6	0	0	6
4	  37 A	S	1	6	4	0	2	3
4	  38 A	I	1	8	3	3	2	0
4	  39 A	I	1	8	3	3	1	0
4	  40 A	T	1	7	3	0	3	3
4	  41 A	P	1	7	6	3	0	6
4	  42 A	L	1	8	6	6	0	2
4	  43 A	I	1	8	2	2	2	1
4	  44 A	N	0	8	5	0	1	4
4	  45 A	R	0	11	8	3	0	8
4	  46 A	I	0	8	6	4	0	6
10	  69 A	L	1	8	5	5	2	2
10	  70 A	N	1	8	3	0	2	2
10	  71 A	V	1	7	3	0	2	3
10	  72 A	L	1	8	4	4	3	0
10	  73 A	L	1	8	5	5	1	0
10	  74 A	S	1	6	3	0	2	3
10	  75 A	A	1	5	4	0	3	2
10	  76 A	A	1	5	3	2	1	0
10	  77 A	I	1	8	5	5	2	0
10	  78 A	N	1	8	5	0	5	3
10	  79 A	F	1	11	7	4	5	0
10	  80 A	F	1	11	6	6	0	0
10	  81 A	L	1	8	5	5	3	0
10	  82 A	I	1	8	4	2	4	0
10	  83 A	A	1	5	3	3	0	0
10	  84 A	F	1	11	8	8	0	0
10	  85 A	A	1	5	2	2	1	0
10	  86 A	V	1	7	3	3	2	1
10	  87 A	Y	1	12	6	6	0	5
10	  88 A	F	1	11	8	8	0	5
10	  89 A	L	1	8	6	6	0	5
10	  90 A	V	0	7	5	2	2	5
10	  91 A	V	0	7	1	0	0	1
10	  92 A	L	0	8	5	3	0	5
10	  93 A	P	0	7	4	1	0	4
10	  94 A	Y	0	12	5	0	1	4
10	  95 A	N	0	8	7	0	0	7
10	  96 A	T	0	7	4	0	0	4
10	  97 A	L	0	8	3	0	0	3
10	  98 A	R	0	11	7	0	0	7
10	  99 A	K	0	9	8	0	0	8
17	  13 B	N	0	8	6	0	0	6
17	  14 B	I	0	8	4	1	2	3
17	  15 B	V	0	7	4	0	1	4
17	  16 B	D	0	8	7	0	6	3
17	  17 B	L	0	8	5	0	5	4
17	  18 B	A	0	5	2	1	1	1
17	  19 B	V	0	7	4	2	3	2
17	  20 B	A	0	5	4	0	4	0
17	  21 B	V	1	7	3	0	1	2
17	  22 B	V	1	7	6	3	6	2
17	  23 B	I	1	8	4	4	0	4
17	  24 B	G	1	4	2	1	2	1
17	  25 B	T	1	7	3	0	2	2
17	  26 B	A	1	5	2	1	1	1
17	  27 B	F	1	11	8	7	5	3
17	  28 B	T	1	7	3	0	1	2
17	  29 B	A	1	5	2	0	0	2
17	  30 B	L	1	8	4	3	3	1
17	  31 B	V	1	7	4	4	2	0
17	  32 B	T	1	7	4	0	3	3
17	  33 B	K	1	9	5	0	3	4
17	  34 B	F	1	11	8	7	4	0
17	  35 B	T	1	7	3	0	3	2
17	  36 B	D	1	8	6	0	0	6
17	  37 B	S	1	6	4	0	2	3
17	  38 B	I	1	8	3	3	2	0
17	  39 B	I	1	8	3	3	1	0
17	  40 B	T	1	7	3	0	3	3
17	  41 B	P	1	7	6	3	0	5
17	  42 B	L	1	8	7	7	0	3
17	  43 B	I	1	8	5	3	4	0
17	  44 B	N	1	8	5	0	2	4
17	  45 B	R	0	11	8	2	0	8
17	  46 B	I	0	8	6	5	0	5
23	  69 B	L	1	8	4	4	1	2
23	  70 B	N	1	8	5	0	4	2
23	  71 B	V	1	7	3	0	1	3
23	  72 B	L	1	8	4	4	3	0
23	  73 B	L	1	8	5	5	1	0
23	  74 B	S	1	6	3	0	3	2
23	  75 B	A	1	5	4	0	3	2
23	  76 B	A	1	5	2	2	0	0
23	  77 B	I	1	8	5	5	2	0
23	  78 B	N	1	8	5	0	5	2
23	  79 B	F	1	11	7	4	6	0
23	  80 B	F	1	11	7	7	0	0
23	  81 B	L	1	8	5	5	2	0
23	  82 B	I	1	8	4	2	3	0
23	  83 B	A	1	5	3	3	0	1
23	  84 B	F	1	11	7	7	0	2
23	  85 B	A	1	5	2	2	1	0
23	  86 B	V	1	7	3	3	1	3
23	  87 B	Y	1	12	8	7	0	8
23	  88 B	F	1	11	8	8	0	6
23	  89 B	L	1	8	6	6	0	5
23	  90 B	V	0	7	4	1	2	4
23	  91 B	V	0	7	2	0	0	2
23	  92 B	L	0	8	5	3	0	5
23	  93 B	P	0	7	4	1	0	4
23	  94 B	Y	0	12	5	0	0	5
23	  95 B	N	0	8	5	0	0	5
23	  96 B	T	0	7	4	0	0	4
23	  97 B	L	0	8	3	0	0	3
23	  98 B	R	0	11	6	0	0	6
23	  99 B	K	0	9	8	0	0	8
23	 100 B	K	0	9	8	0	0	8
30	  13 C	N	0	8	5	0	0	5
30	  14 C	I	0	8	4	1	2	3
30	  15 C	V	0	7	4	1	2	4
30	  16 C	D	0	8	5	0	3	4
30	  17 C	L	0	8	5	0	5	4
30	  18 C	A	0	5	3	1	3	1
30	  19 C	V	1	7	4	2	3	3
30	  20 C	A	1	5	1	0	1	0
30	  21 C	V	1	7	3	0	2	2
30	  22 C	V	1	7	6	2	6	1
30	  23 C	I	1	8	4	4	0	2
30	  24 C	G	1	4	3	0	3	0
30	  25 C	T	1	7	4	0	1	3
30	  26 C	A	1	5	2	1	1	1
30	  27 C	F	1	11	9	7	6	2
30	  28 C	T	1	7	3	0	2	2
30	  29 C	A	1	5	3	0	0	3
30	  30 C	L	1	8	5	4	3	1
30	  31 C	V	1	7	4	4	2	0
30	  32 C	T	1	7	3	0	1	3
30	  33 C	K	1	9	5	0	2	4
30	  34 C	F	1	11	8	7	3	0
30	  35 C	T	1	7	3	0	3	2
30	  36 C	D	1	8	6	0	0	6
30	  37 C	S	1	6	4	0	2	3
30	  38 C	I	1	8	3	3	2	0
30	  39 C	I	1	8	3	3	1	0
30	  40 C	T	1	7	3	0	3	3
30	  41 C	P	1	7	6	3	0	6
30	  42 C	L	1	8	7	7	0	3
30	  43 C	I	1	8	5	3	4	0
30	  44 C	N	0	8	5	0	1	4
30	  45 C	R	0	11	7	2	0	7
30	  46 C	I	0	8	6	5	0	5
36	  69 C	L	1	8	4	4	0	2
36	  70 C	N	1	8	5	0	3	3
36	  71 C	V	1	7	3	0	3	3
36	  72 C	L	1	8	4	4	4	0
36	  73 C	L	1	8	5	5	1	0
36	  74 C	S	1	6	3	0	3	2
36	  75 C	A	1	5	4	0	3	2
36	  76 C	A	1	5	4	2	2	0
36	  77 C	I	1	8	5	5	2	0
36	  78 C	N	1	8	5	0	5	3
36	  79 C	F	1	11	7	4	5	0
36	  80 C	F	1	11	7	7	0	0
36	  81 C	L	1	8	5	5	1	0
36	  82 C	I	1	8	4	2	3	0
36	  83 C	A	1	5	3	3	0	1
36	  84 C	F	1	11	7	7	0	0
36	  85 C	A	1	5	2	2	1	0
36	  86 C	V	1	7	4	4	1	4
36	  87 C	Y	1	12	7	6	0	7
36	  88 C	F	1	11	8	8	0	5
36	  89 C	L	1	8	6	6	0	5
36	  90 C	V	0	7	5	2	2	5
36	  91 C	V	0	7	1	0	0	1
36	  92 C	L	0	8	5	2	0	5
36	  93 C	P	0	7	4	1	0	4
36	  94 C	Y	0	12	5	0	0	5
36	  95 C	N	0	8	4	0	0	4
36	  96 C	T	0	7	4	0	0	4
36	  97 C	L	0	8	3	0	0	3
36	  98 C	R	0	11	7	0	0	7
36	  99 C	K	0	9	8	0	0	8
43	  13 D	N	0	8	6	0	0	6
43	  14 D	I	0	8	5	1	5	2
43	  15 D	V	0	7	4	1	0	4
43	  16 D	D	0	8	5	0	4	4
43	  17 D	L	0	8	5	0	5	4
43	  18 D	A	0	5	3	1	3	1
43	  19 D	V	1	7	2	2	0	2
43	  20 D	A	1	5	4	0	4	0
43	  21 D	V	1	7	3	0	3	2
43	  22 D	V	1	7	5	2	5	1
43	  23 D	I	1	8	4	4	0	2
43	  24 D	G	1	4	3	1	3	1
43	  25 D	T	1	7	5	0	1	4
43	  26 D	A	1	5	3	1	1	2
43	  27 D	F	1	11	7	7	4	0
43	  28 D	T	1	7	3	0	1	2
43	  29 D	A	1	5	3	0	0	3
43	  30 D	L	1	8	6	4	3	2
43	  31 D	V	1	7	4	4	2	0
43	  32 D	T	1	7	4	0	3	3
43	  33 D	K	1	9	4	0	0	4
43	  34 D	F	1	11	8	7	5	0
43	  35 D	T	1	7	3	0	3	1
43	  36 D	D	1	8	6	0	0	6
43	  37 D	S	1	6	4	0	2	3
43	  38 D	I	1	8	3	3	2	0
43	  39 D	I	1	8	3	3	2	0
43	  40 D	T	1	7	4	0	4	3
43	  41 D	P	1	7	6	3	0	6
43	  42 D	L	1	8	7	7	0	4
43	  43 D	I	1	8	4	3	3	1
43	  44 D	N	0	8	5	0	1	4
43	  45 D	R	0	11	8	1	0	8
43	  46 D	I	0	8	6	4	0	6
49	  69 D	L	1	8	4	4	2	2
49	  70 D	N	1	8	4	0	3	2
49	  71 D	V	1	7	3	0	1	3
49	  72 D	L	1	8	4	3	3	0
49	  73 D	L	1	8	5	5	1	0
49	  74 D	S	1	6	4	0	3	3
49	  75 D	A	1	5	4	0	3	2
49	  76 D	A	1	5	3	2	1	0
49	  77 D	I	1	8	5	5	2	0
49	  78 D	N	1	8	5	0	5	2
49	  79 D	F	1	11	7	4	7	0
49	  80 D	F	1	11	7	7	0	0
49	  81 D	L	1	8	5	5	2	0
49	  82 D	I	1	8	4	2	3	0
49	  83 D	A	1	5	3	3	0	0
49	  84 D	F	1	11	7	7	0	0
49	  85 D	A	1	5	2	2	1	0
49	  86 D	V	1	7	3	3	1	2
49	  87 D	Y	1	12	5	5	0	5
49	  88 D	F	1	11	8	8	0	5
49	  89 D	L	1	8	6	6	0	4
49	  90 D	V	0	7	4	2	2	4
49	  91 D	V	0	7	2	1	0	2
49	  92 D	L	0	8	5	3	0	5
49	  93 D	P	0	7	4	1	0	4
49	  94 D	Y	0	12	4	0	1	3
49	  95 D	N	0	8	5	0	0	5
49	  96 D	T	0	7	4	0	0	4
49	  97 D	L	0	8	3	0	0	3
49	  98 D	R	0	11	7	0	0	7
49	  99 D	K	0	9	8	0	0	8
49	 100 D	K	0	9	8	0	0	8
56	  13 E	N	0	8	5	0	0	5
56	  14 E	I	0	8	3	0	2	2
56	  15 E	V	0	7	4	0	2	4
56	  16 E	D	0	8	5	0	5	3
56	  17 E	L	0	8	5	0	5	4
56	  18 E	A	0	5	1	1	0	1
56	  19 E	V	0	7	3	1	3	1
56	  20 E	A	0	5	4	0	4	0
56	  21 E	V	1	7	3	0	1	2
56	  22 E	V	1	7	6	1	6	1
56	  23 E	I	1	8	4	4	0	2
56	  24 E	G	1	4	3	0	3	0
56	  25 E	T	1	7	5	0	2	4
56	  26 E	A	1	5	3	1	2	1
56	  27 E	F	1	11	9	7	6	0
56	  28 E	T	1	7	3	0	1	2
56	  29 E	A	1	5	3	0	0	3
56	  30 E	L	1	8	5	4	3	1
56	  31 E	V	1	7	4	4	2	0
56	  32 E	T	1	7	3	0	1	3
56	  33 E	K	1	9	5	0	3	4
56	  34 E	F	1	11	8	7	4	0
56	  35 E	T	1	7	3	0	3	2
56	  36 E	D	1	8	6	0	0	6
56	  37 E	S	1	6	4	0	2	3
56	  38 E	I	1	8	3	3	2	0
56	  39 E	I	1	8	3	3	1	0
56	  40 E	T	1	7	3	0	2	3
56	  41 E	P	1	7	6	3	0	6
56	  42 E	L	1	8	7	7	0	4
56	  43 E	I	1	8	4	3	3	1
56	  44 E	N	0	8	4	0	0	4
56	  45 E	R	0	11	9	1	0	9
56	  46 E	I	0	8	6	4	0	6
62	  69 E	L	1	8	5	5	1	2
62	  70 E	N	1	8	5	0	3	2
62	  71 E	V	1	7	3	0	1	3
62	  72 E	L	1	8	4	4	3	0
62	  73 E	L	1	8	5	5	1	0
62	  74 E	S	1	6	2	0	2	2
62	  75 E	A	1	5	4	0	3	2
62	  76 E	A	1	5	2	2	0	0
62	  77 E	I	1	8	5	5	2	0
62	  78 E	N	1	8	5	0	5	2
62	  79 E	F	1	11	7	4	6	0
62	  80 E	F	1	11	7	7	0	0
62	  81 E	L	1	8	5	5	2	0
62	  82 E	I	1	8	4	2	4	1
62	  83 E	A	1	5	3	3	0	0
62	  84 E	F	1	11	7	7	0	0
62	  85 E	A	1	5	2	2	1	0
62	  86 E	V	1	7	3	3	0	2
62	  87 E	Y	1	12	7	7	0	6
62	  88 E	F	1	11	8	8	0	6
62	  89 E	L	1	8	6	6	0	4
62	  90 E	V	0	7	4	4	0	4
62	  91 E	V	0	7	2	1	0	2
62	  92 E	L	0	8	5	3	0	5
62	  93 E	P	0	7	4	0	0	4
62	  94 E	Y	0	12	5	0	0	5
62	  95 E	N	0	8	5	0	0	5
62	  96 E	T	0	7	4	0	0	4
62	  97 E	L	0	8	3	0	0	3
62	  98 E	R	0	11	9	0	0	9
62	  99 E	K	0	9	8	0	0	8
