H-Nr	AAId	AA	I/A	ges	Kont	Memb	Hel	H2O
9	  56 A	R	0	11	0	0	0	0
9	  57 A	L	0	8	3	2	0	3
9	  58 A	P	0	7	0	0	0	0
9	  59 A	R	0	11	2	0	2	0
9	  60 A	T	1	7	1	0	1	0
9	  61 A	L	1	8	3	3	0	1
9	  62 A	A	1	5	0	0	0	0
9	  63 A	V	1	7	3	0	3	0
9	  64 A	L	1	8	6	6	2	0
9	  65 A	L	1	8	1	1	0	0
9	  66 A	V	1	7	2	0	2	0
9	  67 A	G	1	4	3	0	3	0
9	  68 A	A	1	5	1	1	1	0
9	  69 A	A	1	5	0	0	0	0
9	  70 A	L	1	8	1	1	0	0
9	  71 A	A	1	5	1	0	1	0
9	  72 A	I	1	8	1	0	1	0
9	  73 A	S	1	6	0	0	0	0
9	  74 A	G	1	4	0	0	0	0
9	  75 A	A	0	5	0	0	0	0
12	  93 A	V	1	7	1	0	1	0
12	  94 A	S	1	6	4	4	0	0
12	  95 A	N	1	8	6	6	2	0
12	  96 A	G	1	4	4	2	4	0
12	  97 A	A	1	5	2	0	2	0
12	  98 A	G	1	4	2	2	0	1
12	  99 A	V	1	7	5	5	0	4
12	 100 A	G	1	4	3	2	2	2
12	 101 A	L	0	8	5	2	4	3
12	 102 A	I	0	8	4	2	0	4
12	 103 A	A	0	5	3	1	0	3
12	 104 A	A	0	5	3	0	1	3
12	 105 A	V	0	7	5	0	1	5
12	 106 A	L	0	8	7	0	0	7
12	 107 A	L	0	8	7	0	0	7
12	 108 A	G	0	4	3	0	0	3
14	 114 A	N	0	8	6	0	0	6
14	 115 A	W	0	14	11	3	0	11
14	 116 A	A	0	5	2	2	0	2
14	 117 A	L	0	8	7	0	5	4
14	 118 A	G	0	4	2	0	0	2
14	 119 A	L	1	8	6	6	0	3
14	 120 A	S	1	6	4	4	2	4
14	 121 A	A	1	5	4	0	4	0
14	 122 A	I	1	8	3	3	0	0
14	 123 A	A	1	5	2	2	0	1
14	 124 A	G	1	4	4	3	2	0
14	 125 A	A	1	5	1	0	1	0
14	 126 A	L	1	8	5	5	0	0
14	 127 A	I	1	8	4	4	0	0
14	 128 A	I	1	8	2	2	2	0
14	 129 A	T	1	7	3	2	1	1
14	 130 A	L	1	8	5	5	0	3
14	 131 A	I	1	8	4	3	2	1
14	 132 A	L	0	8	2	0	1	1
14	 133 A	L	0	8	4	2	0	4
14	 134 A	R	0	11	9	7	0	6
14	 135 A	F	0	11	8	2	5	3
14	 136 A	A	0	5	5	0	3	3
16	 142 A	T	0	7	3	0	0	3
16	 143 A	S	0	6	3	0	2	2
16	 144 A	R	0	11	5	0	0	5
16	 145 A	L	0	8	3	0	3	1
16	 146 A	L	0	8	3	0	3	1
16	 147 A	L	0	8	3	0	1	2
16	 148 A	A	0	5	1	0	1	0
16	 149 A	G	1	4	1	0	1	0
16	 150 A	V	1	7	5	3	3	0
16	 151 A	A	1	5	2	0	2	0
16	 152 A	L	1	8	5	3	2	1
16	 153 A	G	1	4	3	3	0	0
16	 154 A	I	1	8	4	4	0	0
16	 155 A	I	1	8	4	3	2	0
16	 156 A	S	1	6	3	2	2	0
16	 157 A	S	1	6	4	4	0	0
16	 158 A	A	1	5	3	3	0	0
39	 272 A	H	0	10	0	0	0	0
39	 273 A	R	0	11	9	0	0	9
39	 274 A	V	0	7	1	0	0	1
39	 275 A	L	0	8	0	0	0	0
39	 276 A	L	0	8	0	0	0	0
39	 277 A	P	0	7	3	2	0	3
39	 278 A	G	0	4	0	0	0	0
39	 279 A	C	1	6	3	0	3	0
39	 280 A	A	1	5	4	2	3	1
39	 281 A	L	1	8	6	6	0	2
39	 282 A	A	1	5	3	3	0	1
39	 283 A	G	1	4	2	0	2	0
39	 284 A	A	1	5	1	1	1	0
39	 285 A	S	1	6	2	2	0	0
39	 286 A	A	1	5	4	4	0	0
39	 287 A	L	1	8	6	0	6	0
39	 288 A	L	1	8	5	1	5	0
39	 289 A	L	1	8	5	5	0	2
39	 290 A	A	1	5	3	3	0	0
39	 291 A	D	1	8	5	0	5	0
39	 292 A	I	0	8	2	2	0	2
39	 293 A	V	0	7	5	5	1	5
39	 294 A	A	0	5	1	0	1	0
39	 295 A	R	0	11	3	0	2	1
41	 305 A	I	1	8	3	0	3	0
41	 306 A	G	1	4	3	3	0	1
41	 307 A	V	1	7	3	3	0	2
41	 308 A	V	1	7	2	2	1	2
41	 309 A	T	1	7	5	5	1	0
41	 310 A	A	1	5	1	1	1	0
41	 311 A	T	1	7	4	4	0	2
41	 312 A	L	1	8	7	7	0	0
41	 313 A	G	1	4	2	2	0	0
41	 314 A	A	1	5	1	1	1	0
41	 315 A	P	1	7	6	6	0	1
41	 316 A	V	1	7	4	4	0	3
41	 317 A	F	1	11	3	0	3	0
41	 318 A	I	1	8	4	3	1	2
41	 319 A	W	0	14	11	4	0	11
41	 320 A	L	0	8	4	0	0	4
41	 321 A	L	0	8	5	0	4	1
51	  56 B	R	0	11	0	0	0	0
51	  57 B	L	0	8	3	2	0	3
51	  58 B	P	0	7	3	2	0	3
51	  59 B	R	0	11	4	0	3	1
51	  60 B	T	1	7	1	0	1	0
51	  61 B	L	1	8	4	4	0	2
51	  62 B	A	1	5	2	2	0	1
51	  63 B	V	1	7	3	0	3	0
51	  64 B	L	1	8	6	6	2	0
51	  65 B	L	1	8	3	3	0	0
51	  66 B	V	1	7	2	0	2	0
51	  67 B	G	1	4	3	0	3	0
51	  68 B	A	1	5	1	1	1	0
51	  69 B	A	1	5	0	0	0	0
51	  70 B	L	1	8	0	0	0	0
51	  71 B	A	1	5	1	0	1	0
51	  72 B	I	1	8	1	0	1	0
51	  73 B	S	1	6	0	0	0	0
51	  74 B	G	0	4	0	0	0	0
51	  75 B	A	0	5	1	0	0	1
54	  93 B	V	1	7	3	0	3	0
54	  94 B	S	1	6	1	1	0	0
54	  95 B	N	1	8	7	6	2	0
54	  96 B	G	1	4	3	2	2	0
54	  97 B	A	1	5	2	0	2	0
54	  98 B	G	1	4	2	2	0	1
54	  99 B	V	1	7	5	5	1	4
54	 100 B	G	1	4	3	1	2	0
54	 101 B	L	1	8	4	3	3	2
54	 102 B	I	1	8	4	3	0	4
54	 103 B	A	1	5	3	3	0	3
54	 104 B	A	0	5	3	3	1	3
54	 105 B	V	0	7	4	1	1	4
54	 106 B	L	0	8	6	1	0	6
54	 107 B	L	0	8	7	3	0	7
56	 115 B	W	1	14	12	12	0	8
56	 116 B	A	1	5	2	2	0	2
56	 117 B	L	1	8	5	2	4	3
56	 118 B	G	1	4	2	2	0	1
56	 119 B	L	1	8	6	6	0	0
56	 120 B	S	1	6	4	4	2	1
56	 121 B	A	1	5	3	0	3	0
56	 122 B	I	1	8	3	3	0	0
56	 123 B	A	1	5	2	2	0	0
56	 124 B	G	1	4	3	3	0	0
56	 125 B	A	1	5	2	0	2	0
56	 126 B	L	1	8	4	4	0	1
56	 127 B	I	1	8	4	4	0	1
56	 128 B	I	1	8	3	2	3	0
56	 129 B	T	1	7	1	0	1	0
56	 130 B	L	0	8	5	5	0	5
56	 131 B	I	0	8	3	2	1	1
56	 132 B	L	0	8	2	0	2	0
56	 133 B	L	0	8	3	0	0	3
56	 134 B	R	0	11	10	1	0	10
56	 135 B	F	0	11	7	0	6	3
56	 136 B	A	0	5	3	0	0	3
56	 137 B	R	0	11	10	0	0	10
58	 142 B	T	0	7	4	0	0	4
58	 143 B	S	0	6	2	0	2	2
58	 144 B	R	0	11	5	0	0	5
58	 145 B	L	0	8	1	0	1	0
58	 146 B	L	0	8	2	0	2	0
58	 147 B	L	0	8	3	0	3	0
58	 148 B	A	0	5	1	0	1	0
58	 149 B	G	1	4	0	0	0	0
58	 150 B	V	1	7	5	5	1	0
58	 151 B	A	1	5	1	0	1	0
58	 152 B	L	1	8	5	3	3	0
58	 153 B	G	1	4	2	2	0	0
58	 154 B	I	1	8	5	5	0	0
58	 155 B	I	1	8	3	2	2	0
58	 156 B	S	1	6	5	2	5	0
58	 157 B	S	1	6	5	5	0	3
58	 158 B	A	1	5	3	3	1	2
79	 272 B	H	0	10	2	0	0	2
79	 273 B	R	0	11	9	0	0	9
79	 274 B	V	0	7	1	0	0	1
79	 275 B	L	0	8	0	0	0	0
79	 276 B	L	0	8	0	0	0	0
79	 277 B	P	0	7	4	2	0	4
79	 278 B	G	0	4	0	0	0	0
79	 279 B	C	0	6	3	0	3	0
79	 280 B	A	1	5	4	2	3	1
79	 281 B	L	1	8	6	6	0	3
79	 282 B	A	1	5	3	3	0	2
79	 283 B	G	1	4	2	0	2	0
79	 284 B	A	1	5	1	1	1	0
79	 285 B	S	1	6	2	2	0	1
79	 286 B	A	1	5	4	4	0	0
79	 287 B	L	1	8	5	0	5	0
79	 288 B	L	1	8	6	1	6	0
79	 289 B	L	1	8	5	5	0	0
79	 290 B	A	1	5	3	3	1	0
79	 291 B	D	1	8	5	0	5	0
79	 292 B	I	1	8	2	2	0	1
79	 293 B	V	1	7	4	4	2	3
79	 294 B	A	0	5	1	0	1	1
79	 295 B	R	0	11	5	0	3	4
81	 305 B	I	1	8	3	0	3	1
81	 306 B	G	1	4	3	3	0	0
81	 307 B	V	1	7	3	3	0	1
81	 308 B	V	1	7	3	3	2	1
81	 309 B	T	1	7	5	5	1	0
81	 310 B	A	1	5	1	1	0	0
81	 311 B	T	1	7	5	5	0	0
81	 312 B	L	1	8	7	7	0	0
81	 313 B	G	1	4	2	2	0	0
81	 314 B	A	1	5	1	1	1	0
81	 315 B	P	1	7	6	6	0	3
81	 316 B	V	1	7	4	4	0	3
81	 317 B	F	1	11	2	0	2	0
81	 318 B	I	0	8	4	4	2	4
81	 319 B	W	0	14	11	3	0	11
81	 320 B	L	0	8	4	2	0	4
