H-Nr	AAId	AA	I/A	ges	Kont	Memb	Hel	H2O
2	  45 A	V	0	7	5	0	0	5
2	  46 A	V	0	7	3	0	3	2
2	  47 A	W	1	14	10	0	7	8
2	  48 A	A	1	5	4	0	0	4
2	  49 A	L	1	8	6	0	0	6
2	  50 A	C	1	6	3	0	2	2
2	  51 A	F	1	11	7	0	1	7
2	  52 A	M	1	8	5	0	0	5
2	  53 A	G	1	4	2	0	0	2
2	  54 A	S	1	6	3	0	3	0
2	  55 A	L	1	8	6	0	5	3
2	  56 A	A	1	5	2	0	0	2
2	  57 A	L	1	8	4	0	3	2
2	  58 A	L	1	8	4	0	3	3
2	  59 A	A	1	5	3	0	0	3
2	  60 A	L	1	8	6	0	0	6
2	  61 A	V	1	7	4	0	3	4
2	  62 A	C	1	6	2	0	0	2
2	  63 A	T	1	7	4	0	0	4
2	  64 A	N	1	8	6	0	0	6
2	  65 A	R	1	11	7	0	4	6
2	  66 A	I	1	8	4	0	0	4
2	  67 A	Q	0	9	7	0	0	7
2	  68 A	Y	0	12	8	0	0	8
2	  69 A	Y	0	12	8	0	3	5
52	 427 A	V	0	7	3	0	0	3
52	 428 A	A	0	5	4	0	0	4
52	 429 A	G	0	4	3	0	0	3
52	 430 A	L	1	8	3	0	3	2
52	 431 A	L	1	8	6	0	0	6
52	 432 A	G	1	4	4	0	0	4
52	 433 A	D	1	8	7	0	3	7
52	 434 A	I	1	8	3	0	1	3
52	 435 A	G	1	4	1	0	0	1
52	 436 A	G	1	4	2	0	0	2
52	 437 A	Q	1	9	6	0	5	3
52	 438 A	M	1	8	6	0	4	3
52	 439 A	G	1	4	3	0	0	3
52	 440 A	L	1	8	4	0	2	4
52	 441 A	F	1	11	8	0	7	3
52	 442 A	I	1	8	4	0	1	4
52	 443 A	G	1	4	3	0	1	2
52	 444 A	A	1	5	3	0	3	0
52	 445 A	S	1	6	3	0	1	3
52	 446 A	I	1	8	4	0	2	4
52	 447 A	L	1	8	4	0	3	3
52	 448 A	T	1	7	5	0	3	3
52	 449 A	V	1	7	5	0	0	5
52	 450 A	L	0	8	6	0	5	3
52	 451 A	E	0	9	8	0	3	7
52	 452 A	L	0	8	5	0	0	5
52	 453 A	F	0	11	7	0	2	7
52	 454 A	D	0	8	8	0	0	8
52	 455 A	Y	0	12	10	0	0	10
52	 456 A	A	0	5	4	0	0	4
52	 457 A	Y	0	12	11	0	0	11
55	  45 B	V	1	7	4	0	0	4
55	  46 B	V	1	7	2	0	0	2
55	  47 B	W	1	14	9	0	6	9
55	  48 B	A	1	5	3	0	0	3
55	  49 B	L	1	8	6	0	0	6
55	  50 B	C	1	6	4	0	2	3
55	  51 B	F	1	11	8	0	4	8
55	  52 B	M	1	8	7	0	0	7
55	  53 B	G	1	4	3	0	0	3
55	  54 B	S	1	6	4	0	1	4
55	  55 B	L	1	8	6	0	4	5
55	  56 B	A	1	5	5	0	0	5
55	  57 B	L	1	8	5	0	2	5
55	  58 B	L	1	8	4	0	2	3
55	  59 B	A	1	5	3	0	1	3
55	  60 B	L	1	8	5	0	0	5
55	  61 B	V	1	7	4	0	2	4
55	  62 B	C	1	6	2	0	1	2
55	  63 B	T	1	7	3	0	0	3
55	  64 B	N	1	8	6	0	0	6
55	  65 B	R	1	11	5	0	0	5
55	  66 B	I	1	8	4	0	0	4
55	  67 B	Q	1	9	7	0	0	7
55	  68 B	Y	0	12	7	0	0	7
55	  69 B	Y	0	12	4	0	0	4
109	 437 B	Q	1	9	5	0	2	3
109	 438 B	M	1	8	6	0	3	4
109	 439 B	G	1	4	3	0	0	3
109	 440 B	L	1	8	7	0	4	6
109	 441 B	F	1	11	9	0	5	7
109	 442 B	I	1	8	4	0	0	4
109	 443 B	G	1	4	3	0	0	3
109	 444 B	A	1	5	4	0	1	4
109	 445 B	S	1	6	2	0	1	2
109	 446 B	I	1	8	4	0	0	4
109	 447 B	L	1	8	4	0	2	4
109	 448 B	T	1	7	3	0	2	3
109	 449 B	V	1	7	3	0	0	3
109	 450 B	L	1	8	5	0	2	4
109	 451 B	E	1	9	6	0	3	5
109	 452 B	L	1	8	6	0	0	6
109	 453 B	F	0	11	9	0	0	9
109	 454 B	D	0	8	7	0	0	7
109	 455 B	Y	0	12	10	0	0	10
112	  42 C	L	0	8	4	0	2	4
112	  43 C	K	0	9	6	0	4	5
112	  44 C	R	0	11	10	0	7	9
112	  45 C	V	1	7	4	0	0	4
112	  46 C	V	1	7	3	0	0	3
112	  47 C	W	1	14	10	0	9	7
112	  48 C	A	1	5	3	0	0	3
112	  49 C	L	1	8	6	0	0	6
112	  50 C	C	1	6	4	0	1	4
112	  51 C	F	1	11	7	0	4	7
112	  52 C	M	1	8	6	0	0	6
112	  53 C	G	1	4	4	0	0	4
112	  54 C	S	1	6	5	0	2	5
112	  55 C	L	1	8	5	0	3	4
112	  56 C	A	1	5	2	0	0	2
112	  57 C	L	1	8	6	0	0	6
112	  58 C	L	1	8	5	0	3	4
112	  59 C	A	1	5	2	0	0	2
112	  60 C	L	1	8	5	0	0	5
112	  61 C	V	1	7	4	0	2	4
112	  62 C	C	1	6	2	0	1	2
112	  63 C	T	1	7	3	0	0	3
112	  64 C	N	1	8	6	0	0	6
112	  65 C	R	1	11	9	0	5	6
112	  66 C	I	1	8	4	0	1	4
112	  67 C	Q	0	9	7	0	0	7
112	  68 C	Y	0	12	9	0	0	9
112	  69 C	Y	0	12	7	0	5	4
160	 427 C	V	0	7	4	0	2	3
160	 428 C	A	0	5	4	0	0	4
160	 429 C	G	0	4	3	0	0	3
160	 430 C	L	1	8	3	0	2	2
160	 431 C	L	1	8	6	0	0	6
160	 432 C	G	1	4	4	0	0	4
160	 433 C	D	1	8	6	0	3	6
160	 434 C	I	1	8	3	0	0	3
160	 435 C	G	1	4	4	0	0	4
160	 436 C	G	1	4	4	0	0	4
160	 437 C	Q	1	9	7	0	5	4
160	 438 C	M	1	8	4	0	1	4
160	 439 C	G	1	4	3	0	2	2
160	 440 C	L	1	8	6	0	2	6
160	 441 C	F	1	11	8	0	7	5
160	 442 C	I	1	8	4	0	0	4
160	 443 C	G	1	4	2	0	2	0
160	 444 C	A	1	5	3	0	3	1
160	 445 C	S	1	6	3	0	2	2
160	 446 C	I	1	8	3	0	1	2
160	 447 C	L	1	8	5	0	5	2
160	 448 C	T	1	7	3	0	3	1
160	 449 C	V	1	7	4	0	1	4
160	 450 C	L	1	8	4	0	4	1
160	 451 C	E	1	9	8	0	5	7
160	 452 C	L	0	8	6	0	3	5
160	 453 C	F	0	11	7	0	2	7
160	 454 C	D	0	8	8	0	0	8
160	 455 C	Y	0	12	10	0	3	9
160	 456 C	A	0	5	4	0	0	4
163	  45 D	V	1	7	5	5	0	0
163	  46 D	V	1	7	3	3	0	0
163	  47 D	W	1	14	8	6	5	0
163	  48 D	A	1	5	3	3	0	0
163	  49 D	L	1	8	5	5	0	0
163	  50 D	C	1	6	4	3	3	0
163	  51 D	F	1	11	6	5	4	0
163	  52 D	M	1	8	6	6	0	0
163	  53 D	G	1	4	3	2	1	0
163	  54 D	S	1	6	5	0	5	0
163	  55 D	L	1	8	6	4	5	0
163	  56 D	A	1	5	2	2	0	0
163	  57 D	L	1	8	4	3	2	0
163	  58 D	L	1	8	5	2	4	0
163	  59 D	A	1	5	3	3	0	3
163	  60 D	L	0	8	7	6	0	6
163	  61 D	V	0	7	4	4	2	4
163	  62 D	C	0	6	2	2	1	2
163	  63 D	T	0	7	4	2	0	4
163	  64 D	N	0	8	6	1	0	6
163	  65 D	R	0	11	7	0	4	4
163	  66 D	I	0	8	4	0	1	4
163	  67 D	Q	0	9	7	0	0	7
163	  68 D	Y	0	12	8	0	0	8
163	  69 D	Y	0	12	5	0	0	5
217	 427 D	V	0	7	3	0	0	3
217	 428 D	A	0	5	4	0	0	4
217	 429 D	G	0	4	3	0	0	3
217	 430 D	L	0	8	3	0	3	2
217	 431 D	L	0	8	4	1	0	4
217	 432 D	G	0	4	3	1	0	3
217	 433 D	D	0	8	7	0	1	7
217	 434 D	I	0	8	4	3	3	3
217	 435 D	G	1	4	2	2	0	2
217	 436 D	G	1	4	3	0	2	2
217	 437 D	Q	1	9	6	0	5	3
217	 438 D	M	1	8	6	3	3	1
217	 439 D	G	1	4	0	0	0	0
217	 440 D	L	1	8	2	0	2	0
217	 441 D	F	1	11	8	3	7	0
217	 442 D	I	1	8	3	3	0	0
217	 443 D	G	1	4	3	2	1	0
217	 444 D	A	1	5	3	0	3	0
217	 445 D	S	1	6	3	2	3	0
217	 446 D	I	1	8	4	4	0	0
217	 447 D	L	1	8	5	4	3	0
217	 448 D	T	1	7	4	1	4	0
217	 449 D	V	1	7	3	3	0	0
217	 450 D	L	1	8	5	5	0	0
217	 451 D	E	1	9	7	6	4	0
217	 452 D	L	1	8	6	4	4	0
217	 453 D	F	1	11	10	10	0	2
272	 427 E	V	0	7	4	0	0	4
272	 428 E	A	0	5	4	0	0	4
272	 429 E	G	0	4	3	0	0	3
272	 430 E	L	0	8	1	1	0	1
272	 431 E	L	0	8	6	4	0	6
272	 432 E	G	0	4	4	0	0	4
272	 433 E	D	0	8	7	0	0	7
272	 434 E	I	1	8	3	3	0	2
272	 435 E	G	1	4	3	2	0	2
272	 436 E	G	1	4	2	0	1	1
272	 437 E	Q	1	9	6	0	2	6
272	 438 E	M	1	8	4	4	0	0
272	 439 E	G	1	4	3	3	0	0
272	 440 E	L	1	8	6	4	3	0
272	 441 E	F	1	11	5	4	3	0
272	 442 E	I	1	8	6	4	3	0
272	 443 E	G	1	4	2	2	1	0
273	 444 E	A	1	5	2	1	2	0
273	 445 E	S	1	6	4	4	1	0
273	 446 E	I	1	8	6	6	4	0
273	 447 E	L	1	8	3	3	2	0
273	 448 E	T	1	7	0	0	0	0
273	 449 E	V	1	7	4	4	0	0
273	 450 E	L	1	8	4	4	0	0
273	 451 E	E	1	9	5	5	0	1
273	 452 E	L	1	8	4	4	0	0
273	 453 E	F	1	11	8	8	0	3
273	 454 E	D	1	8	6	6	0	3
273	 455 E	Y	1	12	6	6	0	5
273	 456 E	A	1	5	3	2	0	3
273	 457 E	Y	0	12	8	1	0	8
273	 458 E	E	0	9	7	0	0	7
273	 459 E	V	0	7	6	2	0	6
273	 460 E	I	0	8	6	1	0	6
276	  44 F	R	1	11	10	10	0	0
276	  45 F	V	1	7	4	4	0	0
276	  46 F	V	1	7	4	4	1	0
276	  47 F	W	1	14	12	12	4	0
276	  48 F	A	1	5	2	2	0	0
276	  49 F	L	1	8	7	7	0	0
276	  50 F	C	1	6	4	4	2	0
276	  51 F	F	1	11	6	5	4	0
276	  52 F	M	1	8	6	6	0	0
276	  53 F	G	1	4	3	3	0	0
276	  54 F	S	1	6	4	2	2	0
276	  55 F	L	1	8	3	3	2	0
276	  56 F	A	1	5	2	2	0	0
276	  57 F	L	1	8	3	3	0	1
276	  58 F	L	1	8	5	3	2	2
276	  59 F	A	1	5	3	3	0	3
276	  60 F	L	1	8	4	4	0	2
276	  61 F	V	0	7	4	2	2	4
276	  62 F	C	0	6	2	2	1	2
276	  63 F	T	0	7	3	3	0	3
276	  64 F	N	0	8	6	2	0	6
276	  65 F	R	0	11	9	0	5	6
276	  66 F	I	0	8	4	0	1	3
276	  67 F	Q	0	9	7	0	0	7
276	  68 F	Y	0	12	9	0	0	9
276	  69 F	Y	0	12	6	0	4	4
324	 427 F	V	0	7	5	0	3	3
324	 428 F	A	0	5	4	0	0	4
324	 429 F	G	0	4	3	0	0	3
324	 430 F	L	0	8	3	0	3	1
324	 431 F	L	0	8	6	3	0	6
324	 432 F	G	0	4	4	0	0	4
324	 433 F	D	0	8	6	0	3	6
324	 434 F	I	0	8	3	2	1	3
324	 435 F	G	0	4	3	3	0	3
324	 436 F	G	0	4	4	1	0	4
324	 437 F	Q	1	9	5	1	4	2
324	 438 F	M	1	8	5	5	0	3
324	 439 F	G	1	4	3	2	2	0
324	 440 F	L	1	8	7	0	6	3
324	 441 F	F	1	11	8	7	5	0
324	 442 F	I	1	8	4	4	2	0
324	 443 F	G	1	4	2	0	2	0
324	 444 F	A	1	5	4	2	3	0
324	 445 F	S	1	6	4	3	3	0
324	 446 F	I	1	8	4	3	2	0
324	 447 F	L	1	8	4	4	1	0
324	 448 F	T	1	7	5	2	5	0
324	 449 F	V	1	7	5	5	0	0
324	 450 F	L	1	8	7	3	6	0
324	 451 F	E	1	9	8	8	2	0
324	 452 F	L	1	8	7	7	0	0
