H-Nr	AAId	AA	I/A	ges	Kont	Memb	Hel	H2O
185	  17 F	W	0	14	12	7	0	12
185	  18 F	S	1	6	5	5	0	3
185	  19 F	V	1	7	4	4	0	1
185	  20 F	L	1	8	6	6	1	3
185	  21 F	G	1	4	4	4	0	2
185	  22 F	L	1	8	4	4	0	0
185	  23 F	L	1	8	4	4	1	0
185	  24 F	G	1	4	3	3	0	0
185	  25 F	L	1	8	7	7	0	0
185	  26 F	L	1	8	4	4	0	0
185	  27 F	V	1	7	5	5	3	0
189	  40 F	Y	0	12	9	1	0	9
189	  41 F	L	0	8	6	2	0	6
189	  42 F	F	0	11	5	4	0	5
189	  43 F	A	1	5	3	3	0	1
189	  44 F	I	1	8	5	5	0	4
189	  45 F	T	1	7	3	3	0	2
189	  46 F	T	1	7	3	3	0	2
189	  47 F	L	1	8	4	4	0	0
189	  48 F	I	1	8	5	5	0	0
189	  49 F	L	1	8	7	6	2	0
189	  50 F	S	1	6	4	4	2	0
189	  51 F	S	1	6	5	5	0	0
189	  52 F	A	1	5	3	3	0	0
189	  53 F	G	1	4	2	2	1	0
189	  54 F	L	1	8	5	5	1	0
189	  55 F	Y	1	12	11	11	0	6
189	  56 F	I	1	8	3	1	3	1
189	  57 F	F	0	11	8	7	2	4
191	  65 F	W	0	14	11	9	5	6
191	  66 F	R	1	11	9	4	4	7
191	  67 F	Y	1	12	8	2	3	7
191	  68 F	V	1	7	3	0	3	0
191	  69 F	Y	1	12	8	6	7	0
191	  70 F	P	1	7	5	4	3	0
191	  71 F	G	1	4	0	0	0	0
191	  72 F	M	1	8	6	6	1	0
191	  73 F	A	1	5	4	4	0	0
191	  74 F	G	1	4	2	2	0	0
191	  75 F	M	1	8	2	1	2	0
191	  76 F	G	1	4	4	4	0	0
191	  77 F	L	1	8	4	4	1	2
191	  78 F	F	1	11	3	1	0	2
191	  79 F	V	1	7	4	0	0	4
191	  80 F	L	1	8	3	3	0	0
191	  81 F	F	1	11	7	6	0	6
191	  82 F	P	1	7	3	0	0	3
191	  83 F	L	1	8	3	2	0	2
191	  84 F	V	1	7	4	4	0	4
191	  85 F	C	0	6	4	2	0	4
191	  86 F	T	0	7	2	0	1	1
191	  87 F	I	0	8	4	3	1	4
191	  88 F	A	0	5	4	1	0	4
226	 277 F	F	0	11	7	3	1	7
226	 278 F	L	0	8	6	4	0	6
226	 279 F	A	0	5	3	3	0	3
226	 280 F	I	0	8	0	0	0	0
226	 281 F	F	0	11	5	3	2	1
226	 282 F	V	1	7	4	4	0	3
226	 283 F	W	1	14	7	3	6	3
226	 284 F	T	1	7	2	0	2	0
226	 285 F	V	1	7	4	3	4	0
226	 286 F	V	1	7	3	3	0	1
226	 287 F	F	1	11	4	0	4	0
226	 288 F	S	1	6	3	0	3	0
226	 289 F	L	1	8	5	5	2	0
226	 290 F	I	1	8	4	3	2	0
226	 291 F	T	1	7	2	0	2	1
226	 292 F	V	1	7	3	2	2	0
226	 293 F	F	1	11	7	7	0	0
226	 294 F	L	1	8	4	3	2	0
226	 295 F	T	1	7	5	0	4	2
226	 296 F	V	1	7	4	2	4	0
226	 297 F	A	1	5	3	3	0	1
226	 298 F	V	1	7	4	4	2	0
226	 299 F	G	1	4	3	0	3	0
226	 300 F	M	1	8	4	3	2	2
226	 301 F	V	1	7	3	3	0	3
226	 302 F	L	1	8	3	2	2	0
226	 303 F	A	1	5	1	0	1	0
226	 304 F	C	0	6	3	1	0	3
226	 305 F	L	0	8	3	3	2	3
226	 306 F	V	0	7	1	1	0	1
236	 365 F	P	0	7	3	0	0	3
236	 366 F	T	0	7	5	3	0	5
236	 367 F	T	0	7	2	0	0	2
236	 368 F	A	0	5	0	0	0	0
236	 369 F	R	0	11	9	3	5	7
236	 370 F	T	1	7	4	4	0	4
236	 371 F	M	1	8	0	0	0	0
236	 372 F	L	1	8	1	0	1	0
236	 373 F	I	1	8	4	3	3	1
236	 374 F	I	1	8	5	5	0	3
236	 375 F	V	1	7	0	0	0	0
236	 376 F	N	1	8	5	0	3	3
236	 377 F	T	1	7	3	2	1	0
236	 378 F	W	1	14	6	3	4	0
236	 379 F	L	1	8	6	0	0	6
236	 380 F	G	1	4	3	0	2	1
236	 381 F	Y	1	12	7	1	6	0
236	 382 F	P	1	7	0	0	0	0
236	 383 F	Y	1	12	8	0	2	8
236	 384 F	M	1	8	4	0	4	0
236	 385 F	M	1	8	1	0	1	0
236	 386 F	I	1	8	3	0	3	0
236	 387 F	L	1	8	4	0	4	0
236	 388 F	C	1	6	2	0	2	0
236	 389 F	M	1	8	3	2	2	2
236	 390 F	G	0	4	1	0	1	0
236	 391 F	L	0	8	3	0	3	0
242	 423 F	I	0	8	4	3	0	4
242	 424 F	K	0	9	7	4	0	7
242	 425 F	P	0	7	5	3	2	5
242	 426 F	L	1	8	2	1	2	1
242	 427 F	T	1	7	3	3	0	2
242	 428 F	P	1	7	4	4	0	2
242	 429 F	L	1	8	5	0	4	2
242	 430 F	M	1	8	6	5	3	2
242	 431 F	I	1	8	4	4	1	0
242	 432 F	A	1	5	3	0	1	3
242	 433 F	S	1	6	5	0	3	4
242	 434 F	F	1	11	10	7	8	0
242	 435 F	A	1	5	3	0	0	3
242	 436 F	F	1	11	10	0	0	10
242	 437 F	N	1	8	6	0	6	2
242	 438 F	F	1	11	6	0	6	0
248	 484 F	F	0	11	4	0	0	4
248	 485 F	G	0	4	0	0	0	0
248	 486 F	L	0	8	4	0	0	4
248	 487 F	A	0	5	2	0	0	2
248	 488 F	A	0	5	1	0	1	0
248	 489 F	A	0	5	0	0	0	0
248	 490 F	I	0	8	4	0	0	4
248	 491 F	A	0	5	2	0	0	2
248	 492 F	T	0	7	1	1	1	1
248	 493 F	L	0	8	4	3	0	4
248	 494 F	I	0	8	2	1	0	2
248	 495 F	F	1	11	3	2	2	1
248	 496 F	L	1	8	7	7	0	3
248	 497 F	L	1	8	6	5	3	2
248	 498 F	V	1	7	2	0	1	1
248	 499 F	G	1	4	2	2	0	0
248	 500 F	A	1	5	5	5	0	0
248	 501 F	L	1	8	6	6	1	0
248	 502 F	A	1	5	4	4	0	0
248	 503 F	I	1	8	6	6	2	0
251	  10 G	K	0	9	8	0	0	8
251	  11 G	A	0	5	3	0	0	3
251	  12 G	R	0	11	7	0	0	7
251	  13 G	L	0	8	4	0	0	4
251	  14 G	F	0	11	9	3	0	9
251	  15 G	I	0	8	6	6	0	6
251	  16 G	T	1	7	4	3	1	4
251	  17 G	H	1	10	7	6	0	6
251	  18 G	L	1	8	5	5	0	3
251	  19 G	L	1	8	5	5	0	2
251	  20 G	L	1	8	1	1	1	0
251	  21 G	L	1	8	6	6	0	0
251	  22 G	L	1	8	7	7	0	0
251	  23 G	F	1	11	6	5	2	0
251	  24 G	I	1	8	2	2	0	0
251	  25 G	A	1	5	4	4	0	0
251	  26 G	A	1	5	5	5	0	0
251	  27 G	I	1	8	7	1	7	0
251	  28 G	M	1	8	3	3	0	0
251	  29 G	F	1	11	7	6	0	7
251	  30 G	P	1	7	3	2	2	2
251	  31 G	L	1	8	4	3	2	2
251	  32 G	L	1	8	6	6	0	4
251	  33 G	M	0	8	4	1	0	4
251	  34 G	V	0	7	3	1	2	1
251	  35 G	V	0	7	3	3	1	3
251	  36 G	A	0	5	2	1	0	2
251	  37 G	I	0	8	2	0	2	0
251	  38 G	S	0	6	1	0	1	0
251	  39 G	L	0	8	3	0	0	3
256	  81 G	V	0	7	3	0	1	2
256	  82 G	L	0	8	7	2	1	7
256	  83 G	L	0	8	5	3	0	5
256	  84 G	W	0	14	0	0	0	0
256	  85 G	L	0	8	4	3	3	2
256	  86 G	W	1	14	10	10	0	2
256	  87 G	N	1	8	3	1	0	3
256	  88 G	S	1	6	2	0	2	0
256	  89 G	V	1	7	5	5	1	0
256	  90 G	K	1	9	6	6	0	2
256	  91 G	V	1	7	0	0	0	0
256	  92 G	A	1	5	3	0	3	0
256	  93 G	G	1	4	3	2	2	0
256	  94 G	I	1	8	6	6	0	0
256	  95 G	S	1	6	0	0	0	0
256	  96 G	A	1	5	1	0	1	0
256	  97 G	I	1	8	4	4	1	0
256	  98 G	G	1	4	2	2	0	0
256	  99 G	I	1	8	3	0	3	1
256	 100 G	V	1	7	3	3	1	2
256	 101 G	A	1	5	3	3	0	0
256	 102 G	L	1	8	3	3	1	0
256	 103 G	S	1	6	0	0	0	0
256	 104 G	T	1	7	3	2	3	2
256	 105 G	T	1	7	4	3	2	2
256	 106 G	C	1	6	1	0	1	0
256	 107 G	A	0	5	0	0	0	0
256	 108 G	Y	0	12	2	0	1	1
256	 109 G	A	0	5	1	0	1	0
256	 110 G	F	0	11	8	0	7	1
256	 111 G	A	0	5	3	0	0	3
256	 112 G	R	0	11	7	0	0	7
258	 119 G	A	0	5	5	5	0	4
258	 120 G	T	1	7	6	6	0	1
258	 121 G	L	1	8	5	4	3	0
258	 122 G	L	1	8	4	2	3	2
258	 123 G	K	1	9	6	6	0	0
258	 124 G	G	1	4	2	2	0	0
258	 125 G	M	1	8	6	2	5	0
258	 126 G	L	1	8	4	4	2	2
258	 127 G	I	1	8	5	4	3	0
270	 208 G	L	0	8	3	1	1	2
270	 209 G	P	0	7	5	0	0	5
270	 210 G	L	0	8	1	0	0	1
270	 211 G	S	0	6	0	0	0	0
270	 212 G	V	0	7	3	0	0	3
270	 213 G	P	0	7	0	0	0	0
270	 214 G	I	0	8	1	0	1	0
270	 215 G	L	1	8	3	2	1	2
270	 216 G	A	1	5	2	2	1	2
270	 217 G	V	1	7	2	0	2	0
270	 218 G	V	1	7	1	0	1	0
270	 219 G	F	1	11	8	7	7	1
270	 220 G	I	1	8	4	0	4	0
270	 221 G	L	1	8	6	0	3	4
270	 222 G	S	1	6	3	0	2	2
270	 223 G	F	1	11	6	1	6	0
270	 224 G	I	1	8	4	0	3	1
270	 225 G	A	1	5	4	0	0	4
270	 226 G	A	1	5	2	0	1	2
270	 227 G	I	1	8	4	0	4	0
276	 260 G	W	0	14	6	0	2	4
276	 261 G	G	0	4	0	0	0	0
276	 262 G	D	0	8	2	0	0	2
276	 263 G	F	0	11	2	0	0	2
276	 264 G	A	0	5	2	0	2	0
276	 265 G	A	0	5	3	0	3	0
276	 266 G	A	0	5	0	0	0	0
276	 267 G	A	0	5	0	0	0	0
276	 268 G	V	0	7	4	4	1	3
276	 269 G	M	1	8	4	2	2	3
276	 270 G	S	1	6	0	0	0	0
276	 271 G	A	1	5	2	2	0	0
276	 272 G	L	1	8	6	6	0	2
276	 273 G	P	1	7	4	2	4	0
276	 274 G	I	1	8	3	0	3	0
276	 275 G	T	1	7	3	3	0	0
276	 276 G	I	1	8	4	4	0	0
276	 277 G	V	1	7	4	4	3	0
276	 278 G	F	1	11	3	0	3	0
276	 279 G	L	1	8	5	5	0	1
276	 280 G	L	1	8	6	6	0	3
276	 281 G	A	1	5	2	2	1	1
