H-Nr	AAId	AA	I/A	ges	Kont	Memb	Hel	H2O
30	 208 A	I	0	8	5	1	2	5
30	 209 A	L	0	8	6	6	1	6
30	 210 A	P	1	7	2	0	2	0
30	 211 A	L	1	8	5	1	5	1
30	 212 A	G	1	4	3	3	0	1
30	 213 A	L	1	8	2	2	1	1
30	 214 A	I	1	8	2	0	2	0
30	 215 A	I	1	8	4	3	1	1
30	 216 A	A	1	5	3	3	1	0
30	 217 A	A	1	5	3	1	2	0
30	 218 A	S	1	6	5	0	5	0
30	 219 A	W	1	14	6	4	2	0
32	 227 A	F	0	11	5	0	2	3
32	 228 A	S	0	6	3	0	2	3
32	 229 A	E	0	9	6	0	4	5
32	 230 A	R	1	11	7	0	4	3
32	 231 A	L	1	8	3	0	3	0
32	 232 A	Q	1	9	7	0	3	7
32	 233 A	T	1	7	4	0	2	4
32	 234 A	S	1	6	2	0	2	0
32	 235 A	F	1	11	6	0	5	1
32	 236 A	T	1	7	3	0	0	3
32	 237 A	L	1	8	6	0	6	0
32	 238 A	M	1	8	6	0	6	0
32	 239 A	L	1	8	4	0	4	2
32	 240 A	T	1	7	4	0	4	0
32	 241 A	V	1	7	3	0	3	0
32	 242 A	V	1	7	4	0	4	0
32	 243 A	A	1	5	1	0	1	0
32	 244 A	Y	0	12	5	0	5	0
32	 245 A	A	0	5	3	0	3	0
32	 246 A	F	0	11	9	0	9	0
32	 247 A	Y	0	12	3	0	3	0
32	 248 A	T	0	7	1	0	1	0
32	 249 A	S	0	6	3	0	3	0
32	 250 A	N	0	8	5	0	2	4
32	 251 A	I	0	8	6	0	2	5
34	 260 A	V	0	7	3	0	0	3
34	 261 A	I	0	8	3	0	3	0
34	 262 A	D	0	8	1	0	1	0
34	 263 A	Q	0	9	6	1	0	6
34	 264 A	M	0	8	4	3	4	3
34	 265 A	I	0	8	2	0	2	0
34	 266 A	I	0	8	6	4	2	5
34	 267 A	A	1	5	3	3	0	2
34	 268 A	G	1	4	1	0	1	0
34	 269 A	Y	1	12	8	1	7	1
34	 270 A	G	1	4	4	4	0	0
34	 271 A	S	1	6	4	3	1	0
34	 272 A	I	1	8	3	0	3	0
34	 273 A	F	1	11	6	5	3	0
34	 274 A	A	1	5	4	4	0	0
34	 275 A	A	1	5	0	0	0	0
34	 276 A	I	1	8	3	1	2	0
34	 277 A	L	1	8	5	5	0	0
34	 278 A	L	1	8	3	3	0	2
34	 279 A	I	1	8	4	0	4	0
34	 280 A	I	1	8	6	5	2	0
34	 281 A	F	1	11	8	8	0	5
34	 282 A	A	0	5	1	0	1	0
65	 208 B	I	0	8	5	1	2	5
65	 209 B	L	0	8	6	6	1	6
65	 210 B	P	1	7	2	0	2	0
65	 211 B	L	1	8	4	1	4	1
65	 212 B	G	1	4	3	3	0	1
65	 213 B	L	1	8	3	3	0	1
65	 214 B	I	1	8	2	0	2	0
65	 215 B	I	1	8	4	3	1	1
65	 216 B	A	1	5	3	3	1	0
65	 217 B	A	1	5	4	1	3	0
65	 218 B	S	1	6	5	0	5	0
65	 219 B	W	1	14	6	4	2	0
67	 227 B	F	0	11	5	0	2	3
67	 228 B	S	0	6	3	0	2	3
67	 229 B	E	0	9	6	0	4	5
67	 230 B	R	1	11	7	0	4	3
67	 231 B	L	1	8	3	0	3	0
67	 232 B	Q	1	9	7	0	3	7
67	 233 B	T	1	7	4	0	2	4
67	 234 B	S	1	6	2	0	2	0
67	 235 B	F	1	11	6	0	5	1
67	 236 B	T	1	7	3	0	0	3
67	 237 B	L	1	8	6	0	6	0
67	 238 B	M	1	8	6	0	6	0
67	 239 B	L	1	8	4	0	4	2
67	 240 B	T	1	7	4	0	4	0
67	 241 B	V	1	7	3	0	3	0
67	 242 B	V	1	7	4	0	4	0
67	 243 B	A	1	5	1	0	1	0
67	 244 B	Y	0	12	5	0	5	0
67	 245 B	A	0	5	3	0	3	0
67	 246 B	F	0	11	9	0	9	0
67	 247 B	Y	0	12	4	0	4	0
67	 248 B	T	0	7	1	0	1	0
67	 249 B	S	0	6	3	0	3	0
67	 250 B	N	0	8	5	0	1	4
67	 251 B	I	0	8	6	0	2	5
69	 260 B	V	0	7	3	0	0	3
69	 261 B	I	0	8	3	0	3	0
69	 262 B	D	0	8	0	0	0	0
69	 263 B	Q	0	9	6	1	0	6
69	 264 B	M	0	8	5	4	4	4
69	 265 B	I	0	8	2	0	2	0
69	 266 B	I	0	8	5	4	1	5
69	 267 B	A	1	5	3	3	0	2
69	 268 B	G	1	4	1	0	1	0
69	 269 B	Y	1	12	7	1	6	1
69	 270 B	G	1	4	4	4	0	0
69	 271 B	S	1	6	4	3	1	0
69	 272 B	I	1	8	3	0	3	0
69	 273 B	F	1	11	6	5	4	0
69	 274 B	A	1	5	4	4	0	0
69	 275 B	A	1	5	0	0	0	0
69	 276 B	I	1	8	3	1	2	0
69	 277 B	L	1	8	5	5	0	0
69	 278 B	L	1	8	3	3	0	2
69	 279 B	I	1	8	4	0	4	0
69	 280 B	I	1	8	6	5	2	1
69	 281 B	F	0	11	8	6	0	7
69	 282 B	A	0	5	1	0	1	0
100	 201 C	S	0	6	3	0	0	3
100	 202 C	Y	0	12	3	0	1	2
100	 203 C	Y	0	12	2	0	0	2
100	 204 C	L	0	8	4	0	0	4
100	 205 C	W	0	14	11	2	1	10
100	 206 C	S	0	6	1	0	1	0
100	 207 C	F	0	11	6	0	6	0
100	 208 C	I	0	8	5	1	2	5
100	 209 C	L	0	8	6	6	1	6
100	 210 C	P	1	7	2	0	2	0
100	 211 C	L	1	8	4	1	4	1
100	 212 C	G	1	4	3	3	0	1
100	 213 C	L	1	8	2	2	0	1
100	 214 C	I	1	8	2	0	2	0
100	 215 C	I	1	8	4	3	1	1
100	 216 C	A	1	5	3	3	1	0
100	 217 C	A	1	5	3	1	2	0
100	 218 C	S	1	6	5	0	5	0
100	 219 C	W	1	14	7	5	2	0
102	 227 C	F	0	11	5	0	2	3
102	 228 C	S	0	6	3	0	2	3
102	 229 C	E	0	9	6	0	4	5
102	 230 C	R	1	11	7	0	4	3
102	 231 C	L	1	8	3	0	3	0
102	 232 C	Q	1	9	7	0	3	6
102	 233 C	T	1	7	4	0	2	4
102	 234 C	S	1	6	2	0	2	0
102	 235 C	F	1	11	6	0	5	1
102	 236 C	T	1	7	3	0	0	3
102	 237 C	L	1	8	6	0	6	0
102	 238 C	M	1	8	5	0	5	0
102	 239 C	L	1	8	4	0	4	2
102	 240 C	T	1	7	4	0	4	0
102	 241 C	V	1	7	3	0	3	0
102	 242 C	V	1	7	4	0	4	0
102	 243 C	A	1	5	1	0	1	0
102	 244 C	Y	0	12	5	0	5	0
102	 245 C	A	0	5	3	0	3	0
102	 246 C	F	0	11	9	0	9	0
102	 247 C	Y	0	12	6	0	6	0
102	 248 C	T	0	7	4	0	4	0
102	 249 C	S	0	6	3	0	3	0
102	 250 C	N	0	8	5	0	1	4
102	 251 C	I	0	8	7	0	4	5
104	 260 C	V	0	7	3	0	0	3
104	 261 C	I	0	8	3	0	3	0
104	 262 C	D	0	8	0	0	0	0
104	 263 C	Q	0	9	6	1	0	6
104	 264 C	M	0	8	5	3	4	4
104	 265 C	I	0	8	2	0	2	0
104	 266 C	I	0	8	5	4	1	5
104	 267 C	A	1	5	3	3	0	1
104	 268 C	G	1	4	1	0	1	0
104	 269 C	Y	1	12	7	0	7	0
104	 270 C	G	1	4	4	4	0	0
104	 271 C	S	1	6	4	3	1	0
104	 272 C	I	1	8	3	0	3	0
104	 273 C	F	1	11	6	5	3	0
104	 274 C	A	1	5	4	4	0	0
104	 275 C	A	1	5	0	0	0	0
104	 276 C	I	1	8	3	1	2	0
104	 277 C	L	1	8	5	5	0	0
104	 278 C	L	1	8	3	3	0	2
104	 279 C	I	1	8	4	0	4	0
104	 280 C	I	1	8	6	5	2	1
104	 281 C	F	0	11	8	8	0	7
104	 282 C	A	0	5	1	0	1	0
135	 208 D	I	0	8	5	0	2	5
135	 209 D	L	0	8	6	6	0	6
135	 210 D	P	1	7	2	0	2	0
135	 211 D	L	1	8	4	1	4	1
135	 212 D	G	1	4	3	3	0	1
135	 213 D	L	1	8	3	2	3	1
135	 214 D	I	1	8	2	0	2	0
135	 215 D	I	1	8	4	3	1	1
135	 216 D	A	1	5	3	3	1	0
135	 217 D	A	1	5	3	1	2	0
135	 218 D	S	1	6	5	0	5	0
135	 219 D	W	1	14	6	4	2	0
137	 227 D	F	0	11	5	0	2	3
137	 228 D	S	0	6	3	0	2	3
137	 229 D	E	0	9	6	0	4	5
137	 230 D	R	1	11	7	0	4	3
137	 231 D	L	1	8	3	0	3	0
137	 232 D	Q	1	9	7	0	3	7
137	 233 D	T	1	7	4	0	2	4
137	 234 D	S	1	6	2	0	2	0
137	 235 D	F	1	11	6	0	5	1
137	 236 D	T	1	7	3	0	0	3
137	 237 D	L	1	8	6	0	6	0
137	 238 D	M	1	8	6	0	6	0
137	 239 D	L	1	8	4	0	4	2
137	 240 D	T	1	7	4	0	4	0
137	 241 D	V	1	7	3	0	3	0
137	 242 D	V	1	7	4	0	4	0
137	 243 D	A	1	5	1	0	1	0
137	 244 D	Y	0	12	5	0	5	0
137	 245 D	A	0	5	3	0	3	0
137	 246 D	F	0	11	9	0	9	0
137	 247 D	Y	0	12	3	0	3	0
137	 248 D	T	0	7	1	0	1	0
137	 249 D	S	0	6	3	0	3	0
137	 250 D	N	0	8	5	0	2	4
137	 251 D	I	0	8	6	0	2	5
139	 260 D	V	0	7	3	0	0	3
139	 261 D	I	0	8	3	0	3	0
139	 262 D	D	0	8	1	0	1	0
139	 263 D	Q	0	9	6	1	0	6
139	 264 D	M	0	8	5	4	4	4
139	 265 D	I	0	8	2	0	2	0
139	 266 D	I	0	8	6	4	2	5
139	 267 D	A	1	5	3	3	0	1
139	 268 D	G	1	4	1	0	1	0
139	 269 D	Y	1	12	8	1	7	1
139	 270 D	G	1	4	4	4	0	0
139	 271 D	S	1	6	4	3	1	0
139	 272 D	I	1	8	3	0	3	0
139	 273 D	F	1	11	6	5	3	0
139	 274 D	A	1	5	4	4	0	0
139	 275 D	A	1	5	0	0	0	0
139	 276 D	I	1	8	3	1	2	0
139	 277 D	L	1	8	6	6	0	0
139	 278 D	L	1	8	3	3	0	2
139	 279 D	I	1	8	4	0	4	0
139	 280 D	I	1	8	6	5	2	1
139	 281 D	F	0	11	8	8	0	6
139	 282 D	A	0	5	1	0	1	0
168	 201 E	S	0	6	3	0	0	3
168	 202 E	Y	0	12	3	0	1	2
168	 203 E	Y	0	12	2	0	0	2
168	 204 E	L	0	8	4	0	0	4
168	 205 E	W	0	14	11	0	1	10
168	 206 E	S	0	6	1	0	1	0
168	 207 E	F	0	11	7	0	7	0
168	 208 E	I	0	8	5	1	2	5
168	 209 E	L	0	8	6	6	1	6
168	 210 E	P	1	7	2	0	2	0
168	 211 E	L	1	8	4	1	4	1
168	 212 E	G	1	4	3	3	0	1
168	 213 E	L	1	8	2	2	0	1
168	 214 E	I	1	8	2	0	2	0
168	 215 E	I	1	8	4	3	1	1
168	 216 E	A	1	5	3	3	1	0
168	 217 E	A	1	5	4	1	3	0
168	 218 E	S	1	6	5	0	5	0
168	 219 E	W	1	14	6	4	2	0
170	 227 E	F	0	11	5	0	2	3
170	 228 E	S	0	6	3	0	2	3
170	 229 E	E	0	9	6	0	4	5
170	 230 E	R	1	11	7	0	4	3
170	 231 E	L	1	8	3	0	3	0
170	 232 E	Q	1	9	7	0	3	7
170	 233 E	T	1	7	4	0	3	3
170	 234 E	S	1	6	2	0	2	0
170	 235 E	F	1	11	6	0	5	1
170	 236 E	T	1	7	3	0	0	3
170	 237 E	L	1	8	6	0	6	0
170	 238 E	M	1	8	6	0	6	0
170	 239 E	L	1	8	4	0	4	2
170	 240 E	T	1	7	5	0	5	0
170	 241 E	V	1	7	3	0	3	0
170	 242 E	V	1	7	4	0	4	0
170	 243 E	A	1	5	1	0	1	0
170	 244 E	Y	0	12	6	0	6	0
170	 245 E	A	0	5	3	0	3	0
170	 246 E	F	0	11	9	0	9	0
170	 247 E	Y	0	12	7	0	7	0
170	 248 E	T	0	7	4	0	4	0
170	 249 E	S	0	6	2	0	2	0
170	 250 E	N	0	8	5	0	3	4
170	 251 E	I	0	8	7	0	4	5
172	 260 E	V	0	7	3	0	0	3
172	 261 E	I	0	8	3	0	3	0
172	 262 E	D	0	8	0	0	0	0
172	 263 E	Q	0	9	6	1	0	6
172	 264 E	M	0	8	5	4	4	4
172	 265 E	I	0	8	2	0	2	0
172	 266 E	I	0	8	5	4	0	5
172	 267 E	A	1	5	3	3	0	2
172	 268 E	G	1	4	1	0	1	0
172	 269 E	Y	1	12	7	1	6	1
172	 270 E	G	1	4	4	4	0	0
172	 271 E	S	1	6	4	3	1	0
172	 272 E	I	1	8	3	0	3	0
172	 273 E	F	1	11	6	5	6	0
172	 274 E	A	1	5	4	4	0	0
172	 275 E	A	1	5	0	0	0	0
172	 276 E	I	1	8	3	1	2	0
172	 277 E	L	1	8	5	5	0	0
172	 278 E	L	1	8	3	3	0	2
172	 279 E	I	1	8	4	0	4	0
172	 280 E	I	1	8	6	5	2	1
172	 281 E	F	1	11	8	8	0	5
172	 282 E	A	0	5	1	0	1	0
