H-Nr	AAId	AA	I/A	ges	Kont	Memb	Hel	H2O
2	  10 A	E	0	9	7	0	0	7
2	  11 A	A	0	5	4	0	0	4
2	  12 A	R	0	11	9	0	0	9
2	  13 A	L	0	8	6	0	1	6
2	  14 A	V	0	7	4	0	0	4
2	  15 A	A	0	5	3	0	0	3
2	  16 A	Q	0	9	6	0	6	5
2	  17 A	Y	0	12	9	6	1	8
2	  18 A	N	0	8	4	3	0	4
2	  19 A	Y	1	12	6	2	6	4
2	  20 A	S	1	6	3	3	2	1
2	  21 A	I	1	8	5	5	0	2
2	  22 A	N	1	8	5	3	5	2
2	  23 A	I	1	8	4	0	4	0
2	  24 A	L	1	8	4	4	1	0
2	  25 A	A	1	5	3	3	1	0
2	  26 A	M	1	8	4	0	4	0
2	  27 A	L	1	8	6	0	6	0
2	  28 A	L	1	8	6	5	2	0
2	  29 A	V	1	7	4	4	2	0
2	  30 A	G	1	4	2	0	2	0
2	  31 A	F	1	11	7	0	7	0
2	  32 A	G	1	4	1	1	1	0
2	  33 A	F	1	11	7	4	6	1
2	  34 A	L	1	8	3	0	3	0
4	  42 A	G	0	4	4	3	0	4
4	  43 A	F	0	11	8	3	0	8
4	  44 A	S	0	6	2	0	2	0
4	  45 A	A	1	5	0	0	0	0
4	  46 A	T	1	7	4	4	1	2
4	  47 A	T	1	7	3	3	2	2
4	  48 A	G	1	4	2	0	2	0
4	  49 A	T	1	7	5	2	5	0
4	  50 A	Y	1	12	8	8	2	0
4	  51 A	L	1	8	4	3	2	0
4	  52 A	V	1	7	3	0	3	0
4	  53 A	V	1	7	4	2	3	0
4	  54 A	A	1	5	4	4	0	0
4	  55 A	T	1	7	5	5	3	0
4	  56 A	G	1	4	2	0	2	0
4	  57 A	L	1	8	5	4	3	0
4	  58 A	P	1	7	6	6	0	0
4	  59 A	L	1	8	5	4	2	0
4	  60 A	Y	1	12	8	0	8	0
4	  61 A	I	1	8	4	3	1	2
4	  62 A	L	1	8	5	5	0	4
4	  63 A	L	1	8	4	1	3	1
4	  64 A	R	0	11	4	0	1	3
4	  65 A	A	0	5	4	1	0	4
6	  78 A	V	0	7	5	4	3	5
6	  79 A	D	0	8	5	0	2	5
6	  80 A	A	0	5	0	0	0	0
6	  81 A	V	1	7	3	3	1	2
6	  82 A	I	1	8	2	0	2	0
6	  83 A	Y	1	12	7	0	2	5
6	  84 A	A	1	5	3	0	3	0
6	  85 A	E	1	9	5	1	5	0
6	  86 A	F	1	11	6	0	3	3
6	  87 A	A	1	5	2	0	2	0
6	  88 A	V	1	7	3	0	3	0
6	  89 A	A	1	5	2	0	2	0
6	  90 A	T	1	7	5	0	5	0
6	  91 A	G	1	4	1	0	1	0
6	  92 A	L	1	8	4	0	4	0
6	  93 A	I	1	8	4	0	4	0
6	  94 A	A	1	5	1	0	1	0
6	  95 A	M	1	8	6	0	6	0
6	  96 A	G	1	4	0	0	0	0
6	  97 A	A	1	5	1	0	1	0
6	  98 A	V	1	7	1	0	1	0
8	 104 A	V	0	7	4	2	3	1
8	 105 A	F	1	11	8	8	0	7
8	 106 A	Q	1	9	4	0	4	0
8	 107 A	Y	1	12	5	0	5	0
8	 108 A	A	1	5	2	2	1	0
8	 109 A	L	1	8	4	3	1	0
8	 110 A	L	1	8	2	0	2	0
8	 111 A	A	1	5	1	0	1	0
8	 112 A	L	1	8	6	5	2	0
8	 113 A	F	1	11	8	7	4	0
8	 114 A	I	1	8	5	0	5	0
8	 115 A	V	1	7	2	0	2	0
8	 116 A	P	1	7	4	4	0	0
8	 117 A	V	1	7	5	3	4	0
8	 118 A	Y	1	12	8	0	8	1
8	 119 A	L	1	8	3	0	3	1
8	 120 A	L	1	8	4	3	1	1
8	 121 A	N	1	8	5	0	5	0
8	 122 A	E	0	9	4	0	3	3
8	 123 A	W	0	14	5	0	0	5
8	 124 A	L	0	8	2	2	1	2
8	 125 A	V	0	7	3	0	2	1
10	 146 A	H	1	10	3	0	3	0
10	 147 A	A	1	5	0	0	0	0
10	 148 A	F	1	11	7	0	7	0
10	 149 A	G	1	4	2	0	2	0
10	 150 A	A	1	5	2	0	2	0
10	 151 A	Y	1	12	8	4	5	0
10	 152 A	F	1	11	9	0	9	0
10	 153 A	G	1	4	2	0	2	0
10	 154 A	L	1	8	2	2	0	0
10	 155 A	G	1	4	2	0	2	0
10	 156 A	V	1	7	3	0	3	0
10	 157 A	S	1	6	3	0	3	0
10	 158 A	I	1	8	5	5	0	3
10	 159 A	A	1	5	4	4	1	3
10	 160 A	L	0	8	5	1	3	2
14	 174 A	A	0	5	4	0	0	4
14	 175 A	T	0	7	3	0	0	3
14	 176 A	S	0	6	1	0	0	1
14	 177 A	D	0	8	2	0	0	2
14	 178 A	R	0	11	9	4	0	9
14	 179 A	F	0	11	7	4	3	6
14	 180 A	S	1	6	2	0	2	0
14	 181 A	M	1	8	4	4	0	3
14	 182 A	L	1	8	6	6	0	2
14	 183 A	G	1	4	1	0	1	0
14	 184 A	S	1	6	2	1	1	0
14	 185 A	M	1	8	4	4	0	0
14	 186 A	V	1	7	3	2	3	0
14	 187 A	L	1	8	3	0	3	0
14	 188 A	W	1	14	10	9	8	0
14	 189 A	L	1	8	6	6	0	0
14	 190 A	F	1	11	8	5	7	0
14	 191 A	W	1	14	7	0	7	0
14	 192 A	P	1	7	4	3	3	1
14	 193 A	S	1	6	2	1	2	1
14	 194 A	F	1	11	5	0	5	0
14	 195 A	A	1	5	1	0	1	0
14	 196 A	T	0	7	5	0	4	3
16	 204 A	M	0	8	5	0	3	4
16	 205 A	P	0	7	4	0	0	4
16	 206 A	Q	0	9	7	0	0	7
16	 207 A	T	0	7	2	0	2	0
16	 208 A	I	0	8	4	3	2	4
16	 209 A	V	0	7	3	3	0	3
16	 210 A	N	1	8	5	0	5	1
16	 211 A	T	1	7	3	0	3	0
16	 212 A	L	1	8	4	4	2	2
16	 213 A	L	1	8	4	3	2	2
16	 214 A	A	1	5	2	0	2	0
16	 215 A	L	1	8	5	0	5	0
16	 216 A	C	1	6	2	2	1	0
16	 217 A	G	1	4	3	0	3	0
16	 218 A	A	1	5	3	0	3	0
16	 219 A	T	1	7	4	3	1	0
16	 220 A	L	1	8	6	6	1	0
16	 221 A	A	1	5	2	2	1	0
16	 222 A	T	1	7	3	0	3	0
16	 223 A	Y	1	12	8	8	0	3
16	 224 A	F	1	11	9	9	0	2
16	 225 A	L	1	8	4	3	2	0
16	 226 A	S	1	6	0	0	0	0
16	 227 A	A	0	5	3	1	0	3
16	 228 A	L	0	8	7	7	0	6
16	 229 A	F	0	11	9	3	6	6
22	 259 A	P	0	7	6	3	2	4
22	 260 A	V	1	7	4	4	0	4
22	 261 A	G	1	4	2	2	0	2
22	 262 A	A	1	5	2	0	2	0
22	 263 A	F	1	11	7	7	3	2
22	 264 A	V	1	7	3	3	0	0
22	 265 A	I	1	8	2	2	1	2
22	 266 A	G	1	4	3	0	3	0
22	 267 A	L	1	8	6	5	3	0
22	 268 A	L	1	8	5	4	2	0
22	 269 A	G	1	4	2	0	2	0
22	 270 A	G	1	4	1	0	1	0
22	 271 A	A	1	5	3	2	2	0
22	 272 A	I	1	8	4	4	2	0
22	 273 A	S	1	6	1	0	1	0
22	 274 A	V	1	7	3	0	3	0
22	 275 A	V	1	7	3	3	0	0
22	 276 A	G	1	4	0	0	0	0
22	 277 A	F	1	11	5	0	0	5
22	 278 A	V	1	7	5	0	3	5
22	 279 A	F	1	11	9	7	2	9
22	 280 A	I	1	8	4	4	1	3
22	 281 A	Q	1	9	4	0	0	4
22	 282 A	P	0	7	6	0	0	6
22	 283 A	M	0	8	5	3	0	5
22	 284 A	L	0	8	4	3	0	3
22	 285 A	E	0	9	6	0	0	6
22	 286 A	S	0	6	4	0	0	4
22	 287 A	K	0	9	8	0	0	8
26	 302 A	L	1	8	5	5	2	0
26	 303 A	P	1	7	1	0	1	0
26	 304 A	G	1	4	0	0	0	0
26	 305 A	L	1	8	5	4	3	0
26	 306 A	L	1	8	6	5	4	0
26	 307 A	G	1	4	0	0	0	0
26	 308 A	G	1	4	1	0	1	0
26	 309 A	F	1	11	8	8	3	3
26	 310 A	S	1	6	3	3	0	1
26	 311 A	A	0	5	1	0	1	0
26	 312 A	I	0	8	5	4	3	4
26	 313 A	L	0	8	7	5	0	7
26	 314 A	I	0	8	7	1	1	7
28	 319 A	A	0	5	2	1	1	2
28	 320 A	V	0	7	6	3	0	6
28	 321 A	A	0	5	2	0	0	2
28	 322 A	Q	0	9	3	0	3	0
28	 323 A	L	1	8	6	6	2	4
28	 324 A	T	1	7	5	4	0	5
28	 325 A	G	1	4	1	0	1	0
28	 326 A	I	1	8	3	2	2	0
28	 327 A	G	1	4	4	4	0	0
28	 328 A	I	1	8	6	6	2	3
28	 329 A	T	1	7	4	0	4	0
28	 330 A	L	1	8	4	4	1	0
28	 331 A	A	1	5	3	3	0	0
28	 332 A	L	1	8	4	3	1	0
28	 333 A	A	1	5	3	0	3	0
28	 334 A	L	1	8	5	5	2	0
28	 335 A	I	1	8	5	5	0	0
28	 336 A	G	1	4	4	3	2	0
28	 337 A	G	1	4	4	0	4	0
28	 338 A	V	1	7	4	3	2	0
28	 339 A	I	1	8	5	5	0	0
28	 340 A	A	1	5	2	2	1	0
28	 341 A	G	1	4	1	0	1	0
28	 342 A	A	1	5	4	4	0	2
28	 343 A	L	1	8	6	6	2	0
28	 344 A	I	1	8	3	0	3	0
28	 345 A	K	0	9	7	7	2	7
