H-Nr	AAId	AA	I/A	ges	Kont	Memb	Hel	H2O
2	  26 A	N	0	8	7	0	0	7
2	  27 A	A	0	5	5	3	0	5
2	  28 A	L	0	8	7	2	3	6
2	  29 A	L	0	8	4	0	1	3
2	  30 A	S	0	6	2	2	0	2
2	  31 A	S	1	6	5	4	3	3
2	  32 A	S	1	6	5	0	5	0
2	  33 A	L	1	8	5	1	5	1
2	  34 A	W	1	14	12	12	8	2
2	  35 A	V	1	7	4	4	2	0
2	  36 A	N	1	8	3	1	3	0
2	  37 A	V	1	7	4	3	1	0
2	  38 A	A	1	5	3	3	0	0
2	  39 A	L	1	8	5	5	2	0
2	  40 A	A	1	5	1	0	1	0
2	  41 A	G	1	4	3	3	0	0
2	  42 A	I	1	8	4	4	0	0
2	  43 A	A	1	5	2	2	0	0
2	  44 A	I	1	8	4	3	2	0
2	  45 A	L	1	8	6	6	0	0
2	  46 A	V	1	7	4	4	0	0
2	  47 A	F	1	11	9	2	9	0
2	  48 A	V	1	7	3	3	1	1
2	  49 A	Y	1	12	10	10	0	1
2	  50 A	M	1	8	7	6	3	4
2	  51 A	G	1	4	2	0	2	0
4	  58 A	R	0	11	8	0	0	8
4	  59 A	P	0	7	2	0	2	0
4	  60 A	R	0	11	9	4	0	9
4	  61 A	L	0	8	6	3	1	6
4	  62 A	I	0	8	3	0	3	0
4	  63 A	W	1	14	9	4	6	3
4	  64 A	G	1	4	1	1	0	1
4	  65 A	A	1	5	2	2	1	1
4	  66 A	T	1	7	3	0	3	0
4	  67 A	L	1	8	4	4	1	0
4	  68 A	M	1	8	4	4	4	0
4	  69 A	I	1	8	3	0	3	0
4	  70 A	P	1	7	2	0	2	0
4	  71 A	L	1	8	6	6	2	0
4	  72 A	V	1	7	4	3	3	0
4	  73 A	S	1	6	2	0	2	0
4	  74 A	I	1	8	4	4	2	0
4	  75 A	S	1	6	4	4	0	0
4	  76 A	S	1	6	4	2	3	0
4	  77 A	Y	1	12	7	0	7	0
4	  78 A	L	1	8	5	5	0	0
4	  79 A	G	1	4	2	2	0	0
4	  80 A	L	1	8	3	1	2	0
4	  81 A	L	1	8	7	5	3	5
4	  82 A	S	1	6	5	4	0	3
10	 106 A	W	1	14	9	8	2	2
10	 107 A	G	1	4	1	1	0	0
10	 108 A	R	1	11	6	0	6	0
10	 109 A	Y	1	12	5	1	4	0
10	 110 A	L	1	8	5	5	0	0
10	 111 A	T	1	7	4	4	3	0
10	 112 A	W	1	14	3	0	3	0
10	 113 A	A	1	5	4	3	2	0
10	 114 A	L	1	8	4	4	3	0
10	 115 A	S	1	6	4	0	4	0
10	 116 A	T	1	7	3	0	3	0
10	 117 A	P	1	7	4	3	3	0
10	 118 A	M	1	8	5	4	3	0
10	 119 A	I	1	8	5	0	5	0
10	 120 A	L	1	8	3	0	3	0
10	 121 A	L	1	8	4	4	1	3
10	 122 A	A	1	5	1	0	1	0
10	 123 A	L	1	8	3	0	3	0
10	 124 A	G	0	4	2	0	0	2
10	 125 A	L	0	8	6	1	3	6
10	 126 A	L	0	8	5	0	4	1
10	 127 A	A	0	5	1	0	1	0
12	 131 A	L	0	8	7	3	0	7
12	 132 A	G	0	4	4	3	0	4
12	 133 A	S	0	6	4	3	0	4
12	 134 A	L	1	8	3	2	1	3
12	 135 A	F	1	11	8	8	0	4
12	 136 A	T	1	7	5	5	0	2
12	 137 A	V	1	7	3	1	3	1
12	 138 A	I	1	8	4	3	2	0
12	 139 A	A	1	5	4	4	0	0
12	 140 A	A	1	5	4	3	2	0
12	 141 A	D	1	8	6	0	6	0
12	 142 A	I	1	8	4	4	1	0
12	 143 A	G	1	4	3	2	1	0
12	 144 A	M	1	8	7	0	7	0
12	 145 A	C	1	6	4	3	2	0
12	 146 A	V	1	7	5	5	0	0
12	 147 A	T	1	7	4	1	4	0
12	 148 A	G	1	4	0	0	0	0
12	 149 A	L	1	8	4	4	2	0
12	 150 A	A	1	5	2	2	1	0
12	 151 A	A	1	5	5	0	5	0
12	 152 A	A	1	5	2	0	2	0
12	 153 A	M	1	8	6	5	2	4
14	 158 A	L	0	8	5	4	0	5
14	 159 A	L	1	8	6	6	0	3
14	 160 A	F	1	11	7	7	0	2
14	 161 A	R	1	11	3	0	3	0
14	 162 A	W	1	14	12	12	2	2
14	 163 A	A	1	5	4	4	0	0
14	 164 A	F	1	11	7	5	7	0
14	 165 A	Y	1	12	6	3	4	0
14	 166 A	A	1	5	4	4	0	0
14	 167 A	I	1	8	4	4	2	0
14	 168 A	S	1	6	3	0	3	0
14	 169 A	C	1	6	3	3	0	0
14	 170 A	A	1	5	4	4	0	0
14	 171 A	F	1	11	7	6	3	0
14	 172 A	F	1	11	7	2	6	0
14	 173 A	V	1	7	3	3	0	0
14	 174 A	V	1	7	5	5	2	0
14	 175 A	V	1	7	2	0	2	0
14	 176 A	L	1	8	4	4	1	0
14	 177 A	S	1	6	3	3	0	2
14	 178 A	A	1	5	2	2	1	2
14	 179 A	L	1	8	6	0	6	0
14	 180 A	V	1	7	6	4	2	3
18	 193 A	A	0	5	1	0	0	1
18	 194 A	E	0	9	8	0	0	8
18	 195 A	I	0	8	5	1	4	3
18	 196 A	F	0	11	4	0	3	1
18	 197 A	D	0	8	5	2	0	5
18	 198 A	T	1	7	5	5	0	4
18	 199 A	L	1	8	3	0	3	0
18	 200 A	R	1	11	6	4	2	4
18	 201 A	V	1	7	3	3	0	1
18	 202 A	L	1	8	5	5	1	0
18	 203 A	T	1	7	3	0	3	0
18	 204 A	V	1	7	3	3	3	0
18	 205 A	V	1	7	4	4	0	0
18	 206 A	L	1	8	5	3	4	0
18	 207 A	W	1	14	6	0	6	0
18	 208 A	L	1	8	4	4	2	0
18	 209 A	G	1	4	3	2	1	0
18	 210 A	Y	1	12	7	0	7	0
18	 211 A	P	1	7	3	2	3	0
18	 212 A	I	1	8	5	5	0	0
18	 213 A	V	1	7	4	4	3	0
18	 214 A	W	1	14	8	0	8	0
18	 215 A	A	1	5	1	1	1	0
18	 216 A	V	1	7	3	3	0	2
20	 227 A	V	0	7	3	0	0	3
20	 228 A	G	0	4	2	0	2	0
20	 229 A	A	1	5	4	4	0	4
20	 230 A	T	1	7	3	2	1	2
20	 231 A	S	1	6	2	0	2	0
20	 232 A	W	1	14	12	11	11	3
20	 233 A	A	1	5	4	4	1	0
20	 234 A	Y	1	12	8	0	8	0
20	 235 A	S	1	6	5	2	4	0
20	 236 A	V	1	7	4	4	0	0
20	 237 A	L	1	8	5	2	5	0
20	 238 A	D	1	8	6	0	6	0
20	 239 A	V	1	7	3	3	1	0
20	 240 A	F	1	11	8	6	2	0
20	 241 A	A	1	5	3	0	3	0
20	 242 A	K	1	9	5	0	5	0
20	 243 A	Y	1	12	8	3	6	0
20	 244 A	V	1	7	4	4	0	0
20	 245 A	F	1	11	5	0	5	0
20	 246 A	A	1	5	1	0	1	0
20	 247 A	F	1	11	9	7	5	0
20	 248 A	I	1	8	5	4	2	2
20	 249 A	L	1	8	5	0	5	0
20	 250 A	L	1	8	4	0	4	0
20	 251 A	R	1	11	9	7	3	4
20	 252 A	W	0	14	11	2	10	5
20	 253 A	V	0	7	2	0	2	0
20	 254 A	A	0	5	3	1	0	3
20	 255 A	N	0	8	7	1	0	7
