H-Nr	AAId	AA	I/A	ges	Kont	Memb	Hel	H2O
2	  17 A	E	0	9	3	0	2	1
2	  18 A	K	0	9	6	2	2	5
2	  19 A	K	0	9	6	5	4	6
2	  20 A	A	1	5	3	0	3	0
2	  21 A	T	1	7	3	0	3	0
2	  22 A	L	1	8	3	3	0	2
2	  23 A	Y	1	12	10	9	5	2
2	  24 A	F	1	11	10	0	10	0
2	  25 A	L	1	8	2	0	2	0
2	  26 A	V	1	7	3	3	1	0
2	  27 A	L	1	8	5	2	5	0
2	  28 A	G	1	4	4	0	4	0
2	  29 A	F	1	11	4	0	4	0
2	  30 A	L	1	8	5	5	1	0
2	  31 A	A	1	5	3	2	2	0
2	  32 A	L	1	8	3	0	3	0
2	  33 A	I	1	8	4	3	4	0
2	  34 A	V	1	7	3	3	2	1
2	  35 A	G	1	4	2	0	2	0
2	  36 A	S	1	6	3	0	3	0
2	  37 A	L	1	8	6	6	1	3
2	  38 A	F	0	11	5	1	5	1
2	  39 A	G	0	4	1	0	1	0
2	  40 A	P	0	7	2	2	2	2
2	  41 A	F	0	11	4	2	0	4
2	  42 A	Q	0	9	4	0	4	0
2	  43 A	A	0	5	2	0	2	0
2	  44 A	L	0	8	3	2	1	3
2	  45 A	N	0	8	3	0	3	0
6	  65 A	Y	0	12	3	0	3	0
6	  66 A	Y	0	12	2	0	0	2
6	  67 A	Q	0	9	1	0	1	0
6	  68 A	G	0	4	1	0	1	0
6	  69 A	L	0	8	1	0	1	0
6	  70 A	T	0	7	1	0	1	0
6	  71 A	L	0	8	3	1	3	1
6	  72 A	H	0	10	5	0	5	0
6	  73 A	G	1	4	0	0	0	0
6	  74 A	V	1	7	1	0	1	0
6	  75 A	L	1	8	5	3	4	3
6	  76 A	N	1	8	2	0	2	0
6	  77 A	A	1	5	3	0	3	0
6	  78 A	I	1	8	1	0	1	0
6	  79 A	V	1	7	4	0	4	0
6	  80 A	F	1	11	6	0	6	0
6	  81 A	T	1	7	3	0	3	0
6	  82 A	Q	1	9	6	0	6	0
6	  83 A	L	1	8	4	0	4	0
6	  84 A	F	1	11	3	0	3	0
6	  85 A	A	1	5	2	0	2	0
6	  86 A	Q	1	9	5	0	5	0
6	  87 A	A	1	5	1	0	1	0
6	  88 A	I	1	8	4	0	4	0
6	  89 A	M	1	8	5	0	5	0
6	  90 A	V	1	7	3	0	3	0
6	  91 A	Y	0	12	6	0	6	1
6	  92 A	L	0	8	3	0	3	0
6	  93 A	P	0	7	3	0	3	0
6	  94 A	A	0	5	0	0	0	0
6	  95 A	R	0	11	6	0	0	6
6	  96 A	E	0	9	7	0	5	5
6	  97 A	L	0	8	6	0	3	4
8	 103 A	M	0	8	5	2	1	4
8	 104 A	G	0	4	4	3	0	4
8	 105 A	L	1	8	6	3	4	2
8	 106 A	M	1	8	6	0	6	0
8	 107 A	W	1	14	7	3	4	4
8	 108 A	L	1	8	4	4	0	0
8	 109 A	S	1	6	4	0	4	0
8	 110 A	W	1	14	10	3	8	0
8	 111 A	W	1	14	6	6	0	0
8	 112 A	M	1	8	4	3	3	0
8	 113 A	A	1	5	3	0	3	0
8	 114 A	F	1	11	3	3	0	0
8	 115 A	I	1	8	4	4	0	0
8	 116 A	G	1	4	1	0	1	0
8	 117 A	L	1	8	3	3	2	0
8	 118 A	V	1	7	3	3	0	0
8	 119 A	V	1	7	4	3	3	1
8	 120 A	A	1	5	0	0	0	0
8	 121 A	A	1	5	1	1	0	1
8	 122 A	L	0	8	7	5	0	7
8	 123 A	P	0	7	4	0	2	3
8	 124 A	L	0	8	5	1	5	1
8	 125 A	L	0	8	6	4	1	6
10	 143 A	W	0	14	6	2	0	6
10	 144 A	A	0	5	2	1	2	1
10	 145 A	F	0	11	3	0	3	0
10	 146 A	Y	0	12	0	0	0	0
10	 147 A	L	1	8	3	3	0	2
10	 148 A	G	1	4	2	0	2	0
10	 149 A	A	1	5	0	0	0	0
10	 150 A	S	1	6	2	1	1	0
10	 151 A	V	1	7	3	3	2	0
10	 152 A	F	1	11	6	0	6	0
10	 153 A	V	1	7	0	0	0	0
10	 154 A	L	1	8	6	5	2	0
10	 155 A	S	1	6	2	0	2	0
10	 156 A	T	1	7	3	0	3	0
10	 157 A	W	1	14	9	7	3	0
10	 158 A	V	1	7	4	4	3	0
10	 159 A	S	1	6	2	0	2	0
10	 160 A	I	1	8	4	2	3	0
10	 161 A	Y	1	12	10	10	2	6
10	 162 A	I	1	8	2	0	2	0
10	 163 A	V	1	7	3	0	3	0
10	 164 A	L	0	8	4	4	3	3
10	 165 A	D	0	8	5	4	0	5
10	 166 A	L	0	8	0	0	0	0
10	 167 A	W	0	14	9	4	8	4
10	 168 A	R	0	11	9	2	0	9
10	 169 A	R	0	11	9	0	0	9
10	 170 A	W	0	14	6	0	3	4
10	 171 A	K	0	9	7	0	0	7
10	 172 A	A	0	5	5	0	0	5
10	 173 A	A	0	5	4	0	0	4
12	 181 A	L	0	8	5	0	4	3
12	 182 A	V	0	7	4	0	4	1
12	 183 A	T	0	7	4	0	4	0
12	 184 A	Y	0	12	6	0	6	0
12	 185 A	M	1	8	5	0	5	0
12	 186 A	A	1	5	2	0	2	0
12	 187 A	V	1	7	3	0	3	0
12	 188 A	V	1	7	2	0	2	0
12	 189 A	F	1	11	7	0	7	0
12	 190 A	W	1	14	9	0	9	0
12	 191 A	L	1	8	4	2	4	2
12	 192 A	M	1	8	5	0	5	0
12	 193 A	W	1	14	8	0	8	0
12	 194 A	F	1	11	8	7	4	0
12	 195 A	L	1	8	3	1	3	0
12	 196 A	A	1	5	2	0	2	0
12	 197 A	S	1	6	2	0	2	0
12	 198 A	L	1	8	4	4	2	0
12	 199 A	G	1	4	4	0	4	0
12	 200 A	L	1	8	2	0	2	0
12	 201 A	V	1	7	3	2	1	0
12	 202 A	L	1	8	3	3	0	2
12	 203 A	E	1	9	4	0	4	0
12	 204 A	A	1	5	1	0	1	0
12	 205 A	V	1	7	4	4	0	3
12	 206 A	L	0	8	6	3	0	6
18	 221 A	P	0	7	0	0	0	0
18	 222 A	L	0	8	2	0	2	0
18	 223 A	V	0	7	2	0	2	0
18	 224 A	A	0	5	1	0	1	0
18	 225 A	R	0	11	0	0	0	0
18	 226 A	T	0	7	3	0	3	0
18	 227 A	L	0	8	3	1	3	1
18	 228 A	F	0	11	2	0	2	0
18	 229 A	W	0	14	0	0	0	0
18	 230 A	W	1	14	9	3	9	1
18	 231 A	T	1	7	4	0	4	0
18	 232 A	G	1	4	0	0	0	0
18	 233 A	H	1	10	0	0	0	0
18	 234 A	P	1	7	2	0	2	0
18	 235 A	I	1	8	4	0	4	0
18	 236 A	V	1	7	0	0	0	0
18	 237 A	Y	1	12	3	0	3	0
18	 238 A	F	1	11	8	0	8	0
18	 239 A	W	1	14	8	0	8	0
18	 240 A	L	1	8	2	0	2	0
18	 241 A	L	1	8	4	0	4	0
18	 242 A	P	1	7	3	0	3	0
18	 243 A	A	1	5	0	0	0	0
18	 244 A	Y	1	12	6	0	6	0
18	 245 A	A	1	5	1	0	1	0
18	 246 A	I	1	8	2	0	2	0
18	 247 A	I	1	8	3	0	3	0
18	 248 A	Y	0	12	7	0	7	0
18	 249 A	T	0	7	2	0	2	1
18	 250 A	I	0	8	0	0	0	0
18	 251 A	L	0	8	3	0	3	0
18	 252 A	P	0	7	0	0	0	0
18	 253 A	K	0	9	6	0	0	6
18	 254 A	Q	0	9	4	0	0	4
20	 262 A	D	0	8	3	0	2	3
20	 263 A	P	0	7	0	0	0	0
20	 264 A	M	0	8	4	2	4	2
20	 265 A	A	0	5	2	0	2	0
20	 266 A	R	0	11	4	0	3	1
20	 267 A	L	1	8	4	4	3	3
20	 268 A	A	1	5	1	0	1	0
20	 269 A	F	1	11	7	0	7	0
20	 270 A	L	1	8	4	2	3	1
20	 271 A	L	1	8	4	2	3	0
20	 272 A	F	1	11	6	0	6	0
20	 273 A	L	1	8	6	0	6	0
20	 274 A	L	1	8	5	3	4	0
20	 275 A	L	1	8	6	3	4	0
22	 292 A	P	0	7	5	0	0	5
22	 293 A	T	0	7	4	0	0	4
22	 294 A	W	0	14	6	2	4	6
22	 295 A	K	0	9	0	0	0	0
22	 296 A	M	0	8	4	2	2	3
22	 297 A	I	1	8	5	4	0	4
22	 298 A	H	1	10	2	0	2	0
22	 299 A	S	1	6	0	0	0	0
22	 300 A	V	1	7	3	3	2	2
22	 301 A	L	1	8	3	3	0	0
22	 302 A	T	1	7	0	0	0	0
22	 303 A	L	1	8	3	0	3	0
22	 304 A	F	1	11	7	7	1	0
22	 305 A	V	1	7	3	0	3	0
22	 306 A	A	1	5	0	0	0	0
22	 307 A	V	1	7	3	3	2	0
22	 308 A	P	1	7	2	0	2	0
22	 309 A	S	1	6	2	0	2	0
22	 310 A	L	1	8	4	0	4	0
22	 311 A	M	1	8	4	3	3	0
22	 312 A	T	1	7	4	0	4	0
22	 313 A	A	1	5	1	0	1	0
22	 314 A	F	1	11	8	0	8	0
22	 315 A	T	1	7	3	0	3	0
22	 316 A	V	1	7	3	0	3	0
22	 317 A	A	1	5	1	0	1	0
22	 318 A	A	0	5	3	0	3	0
22	 319 A	S	0	6	0	0	0	0
22	 320 A	L	0	8	1	0	1	0
22	 321 A	E	0	9	4	0	4	1
22	 322 A	F	0	11	4	0	2	3
22	 323 A	A	0	5	0	0	0	0
22	 324 A	G	0	4	0	0	0	0
22	 325 A	R	0	11	8	0	0	8
22	 326 A	L	0	8	6	0	0	6
26	 344 A	P	1	7	4	0	4	2
26	 345 A	A	1	5	1	0	0	1
26	 346 A	F	1	11	2	0	2	0
26	 347 A	V	1	7	3	0	3	0
26	 348 A	A	1	5	3	0	3	0
26	 349 A	P	1	7	2	0	2	0
26	 350 A	V	1	7	0	0	0	0
26	 351 A	L	1	8	5	1	5	0
26	 352 A	G	1	4	0	0	0	0
26	 353 A	L	1	8	2	0	2	0
26	 354 A	L	1	8	6	6	0	0
26	 355 A	G	1	4	0	0	0	0
26	 356 A	F	1	11	3	0	3	0
26	 357 A	I	1	8	3	3	2	0
26	 358 A	P	1	7	4	3	2	0
26	 359 A	G	1	4	0	0	0	0
26	 360 A	G	1	4	0	0	0	0
26	 361 A	A	1	5	1	0	1	0
26	 362 A	G	1	4	2	0	2	0
26	 363 A	G	1	4	0	0	0	0
26	 364 A	I	1	8	2	0	2	0
26	 365 A	V	0	7	2	0	2	0
26	 366 A	N	0	8	0	0	0	0
36	 415 A	D	0	8	6	1	0	6
36	 416 A	A	0	5	5	5	0	4
36	 417 A	Q	1	9	5	4	1	4
36	 418 A	R	1	11	6	2	1	6
36	 419 A	R	1	11	8	8	0	3
36	 420 A	L	1	8	5	5	2	0
36	 421 A	G	1	4	0	0	0	0
36	 422 A	L	1	8	6	5	1	1
36	 423 A	A	1	5	2	2	0	0
36	 424 A	V	1	7	2	0	2	0
36	 425 A	V	1	7	2	0	2	0
36	 426 A	W	1	14	10	10	7	0
36	 427 A	L	1	8	5	3	3	0
36	 428 A	W	1	14	3	0	3	0
36	 429 A	F	1	11	7	2	6	0
36	 430 A	L	1	8	4	4	0	0
36	 431 A	G	1	4	2	0	2	0
36	 432 A	M	1	8	1	0	1	0
36	 433 A	M	1	8	4	4	0	0
36	 434 A	I	1	8	5	5	3	2
36	 435 A	M	1	8	4	0	4	0
36	 436 A	A	1	5	3	2	0	3
36	 437 A	V	0	7	4	2	2	4
36	 438 A	G	0	4	3	0	3	0
36	 439 A	L	0	8	1	0	1	0
36	 440 A	H	0	10	5	5	1	5
36	 441 A	W	0	14	10	0	9	5
36	 442 A	A	0	5	0	0	0	0
36	 443 A	G	0	4	0	0	0	0
36	 444 A	L	0	8	1	0	0	1
38	 464 A	A	0	5	5	0	0	5
38	 465 A	V	0	7	4	0	3	4
38	 466 A	P	0	7	2	0	2	0
38	 467 A	M	0	8	3	0	0	3
38	 468 A	V	0	7	4	0	0	4
38	 469 A	F	0	11	6	2	5	5
38	 470 A	N	0	8	3	0	3	0
38	 471 A	V	0	7	4	0	3	3
38	 472 A	L	0	8	5	3	2	5
38	 473 A	A	1	5	1	0	1	0
38	 474 A	G	1	4	4	2	2	2
38	 475 A	I	1	8	5	5	0	5
38	 476 A	V	1	7	4	4	3	0
38	 477 A	L	1	8	3	0	3	0
38	 478 A	L	1	8	5	4	3	2
38	 479 A	V	1	7	3	3	1	0
38	 480 A	A	1	5	1	0	1	0
38	 481 A	L	1	8	2	1	2	0
38	 482 A	L	1	8	6	6	0	0
38	 483 A	L	1	8	6	4	4	0
38	 484 A	F	1	11	4	0	4	0
38	 485 A	I	1	8	5	4	4	0
38	 486 A	Y	1	12	9	9	1	0
38	 487 A	G	1	4	2	0	2	0
38	 488 A	L	1	8	3	2	2	0
38	 489 A	F	1	11	9	9	2	0
38	 490 A	S	1	6	5	5	1	2
38	 491 A	V	1	7	3	0	3	0
38	 492 A	L	1	8	4	4	1	2
38	 493 A	L	1	8	7	7	0	3
43	 527 A	I	1	8	5	3	4	3
43	 528 A	G	1	4	4	4	0	2
43	 529 A	F	1	11	8	8	0	5
43	 530 A	W	1	14	9	3	6	1
43	 531 A	F	1	11	6	4	3	0
43	 532 A	A	1	5	2	2	0	0
43	 533 A	V	1	7	3	3	0	0
43	 534 A	A	1	5	2	0	2	0
43	 535 A	A	1	5	2	2	0	0
43	 536 A	I	1	8	5	5	0	0
43	 537 A	L	1	8	4	4	1	0
43	 538 A	V	1	7	3	2	3	0
43	 539 A	V	1	7	5	5	0	1
43	 540 A	L	1	8	7	7	1	5
43	 541 A	A	1	5	4	2	3	1
43	 542 A	Y	1	12	7	1	7	1
43	 543 A	G	1	4	3	3	0	2
43	 544 A	P	0	7	7	2	3	7
43	 545 A	T	0	7	3	0	0	3
43	 546 A	L	0	8	4	2	2	3
43	 547 A	V	0	7	5	1	0	5
43	 548 A	Q	0	9	7	0	0	7
43	 549 A	L	0	8	4	0	4	0
43	 550 A	F	0	11	9	2	0	9
48	   4 B	E	0	9	4	0	1	4
48	   5 B	H	0	10	8	0	0	8
48	   6 B	K	0	9	8	0	0	8
48	   7 B	A	0	5	2	0	0	2
48	   8 B	H	0	10	1	0	0	1
48	   9 B	K	0	9	7	0	0	7
48	  10 B	A	0	5	2	0	0	2
48	  11 B	I	0	8	2	0	2	0
48	  12 B	L	0	8	4	1	1	4
48	  13 B	A	0	5	4	2	0	4
48	  14 B	Y	1	12	9	9	3	7
48	  15 B	E	1	9	4	1	4	1
48	  16 B	K	1	9	8	7	0	5
48	  17 B	G	1	4	4	4	0	2
48	  18 B	W	1	14	12	5	8	0
48	  19 B	L	1	8	3	3	1	0
48	  20 B	A	1	5	4	4	0	0
48	  21 B	F	1	11	8	8	2	0
48	  22 B	S	1	6	2	0	2	0
48	  23 B	L	1	8	4	4	0	0
48	  24 B	A	1	5	4	4	0	0
48	  25 B	M	1	8	4	4	0	0
48	  26 B	L	1	8	2	0	2	0
48	  27 B	F	1	11	9	9	0	1
48	  28 B	V	1	7	4	4	0	3
48	  29 B	F	1	11	8	1	8	1
48	  30 B	I	1	8	4	3	3	2
48	  31 B	A	0	5	4	2	0	4
48	  32 B	L	0	8	5	2	5	3
48	  33 B	I	0	8	3	0	3	0
48	  34 B	A	0	5	3	1	0	3
48	  35 B	Y	0	12	10	0	2	10
48	  36 B	T	0	7	2	0	2	0
48	  37 B	L	0	8	6	0	0	6
48	  38 B	A	0	5	4	0	0	4
71	   6 C	K	1	9	6	3	0	5
71	   7 C	G	1	4	2	0	2	1
71	   8 C	A	1	5	3	0	3	0
71	   9 C	L	1	8	6	6	3	2
71	  10 C	A	1	5	2	2	0	0
71	  11 C	V	1	7	4	3	3	0
71	  12 C	I	1	8	5	3	3	0
71	  13 C	L	1	8	5	5	0	0
71	  14 C	V	1	7	3	3	0	0
71	  15 C	L	1	8	3	0	3	0
71	  16 C	T	1	7	3	3	3	0
71	  17 C	L	1	8	4	4	0	0
71	  18 C	T	1	7	5	4	4	0
71	  19 C	I	1	8	5	0	5	0
71	  20 C	L	1	8	4	4	1	1
71	  21 C	V	1	7	5	5	0	3
71	  22 C	F	1	11	10	8	7	5
71	  23 C	W	0	14	11	0	11	0
71	  24 C	L	0	8	6	3	0	6
71	  25 C	G	0	4	4	1	0	4
71	  26 C	V	0	7	3	1	3	1
71	  27 C	Y	0	12	5	0	3	2
71	  28 C	A	0	5	4	0	0	4
71	  29 C	V	0	7	3	0	0	3
71	  30 C	F	0	11	3	0	3	0
71	  31 C	F	0	11	10	0	2	10
71	  32 C	A	0	5	5	0	0	5