H-Nr	AAId	AA	I/A	ges	Kont	Memb	Hel	H2O
73	  11 H	A	1	5	3	3	0	3
73	  12 H	A	1	5	0	0	0	0
73	  13 H	Q	1	9	3	1	0	3
73	  14 H	I	1	8	5	5	0	2
73	  15 H	T	1	7	5	4	4	1
73	  16 H	I	1	8	4	1	3	0
73	  17 H	W	1	14	11	11	0	2
73	  18 H	A	1	5	4	4	0	0
73	  19 H	F	1	11	8	4	5	0
73	  20 H	W	1	14	12	12	2	0
73	  21 H	L	1	8	5	5	0	0
73	  22 H	F	1	11	7	7	2	0
73	  23 H	F	1	11	3	2	1	0
73	  24 H	F	1	11	8	8	0	0
73	  25 H	G	1	4	2	2	0	2
73	  26 H	L	1	8	2	0	2	0
73	  27 H	I	1	8	4	3	1	1
73	  28 H	I	0	8	4	4	0	4
73	  29 H	Y	0	12	5	1	1	5
73	  30 H	L	0	8	4	0	4	0
73	  31 H	R	0	11	2	1	1	1
73	  32 H	R	0	11	6	0	0	6
73	  33 H	E	0	9	6	0	3	3
31	  33 L	F	1	11	4	4	0	1
31	  34 L	F	1	11	7	2	7	0
31	  35 L	G	1	4	3	2	1	0
31	  36 L	V	1	7	4	4	0	1
31	  37 L	V	1	7	4	4	0	0
31	  38 L	G	1	4	1	0	1	0
31	  39 L	F	1	11	7	7	0	0
31	  40 L	C	1	6	5	5	0	0
31	  41 L	F	1	11	8	6	6	0
31	  42 L	T	1	7	1	1	0	0
31	  43 L	L	1	8	5	5	0	0
31	  44 L	L	1	8	4	4	1	2
31	  45 L	G	1	4	1	0	1	0
31	  46 L	V	1	7	3	3	0	0
31	  47 L	L	1	8	5	5	0	2
31	  48 L	L	0	8	3	2	3	2
31	  49 L	I	0	8	4	3	2	1
31	  50 L	V	0	7	4	4	0	4
31	  51 L	W	0	14	11	2	2	11
31	  52 L	G	0	4	3	0	1	3
31	  53 L	A	0	5	3	1	0	3
31	  54 L	T	0	7	4	2	0	4
31	  55 L	I	0	8	3	0	0	3
33	  92 L	G	0	4	0	0	0	0
33	  93 L	L	0	8	4	0	3	3
33	  94 L	W	0	14	3	0	2	1
33	  95 L	Q	0	9	0	0	0	0
33	  96 L	I	0	8	4	2	2	3
33	  97 L	I	1	8	3	0	3	0
33	  98 L	T	1	7	1	1	1	1
33	  99 L	I	1	8	6	6	0	4
33	 100 L	C	1	6	4	1	4	0
33	 101 L	A	1	5	1	0	1	0
33	 102 L	A	1	5	1	1	0	0
33	 103 L	G	1	4	4	3	3	0
33	 104 L	A	1	5	3	0	3	0
33	 105 L	F	1	11	5	0	5	0
33	 106 L	I	1	8	4	4	1	0
33	 107 L	S	1	6	2	1	1	0
33	 108 L	W	1	14	2	0	2	0
33	 109 L	A	1	5	1	1	1	0
33	 110 L	L	1	8	4	3	3	0
33	 111 L	R	1	11	2	0	2	0
33	 112 L	E	1	9	2	0	2	0
33	 113 L	V	0	7	2	2	1	2
33	 114 L	E	0	9	0	0	0	0
33	 115 L	I	0	8	0	0	0	0
33	 116 L	C	0	6	2	0	1	1
33	 117 L	R	0	11	9	0	0	9
35	 124 L	H	0	10	7	1	6	4
35	 125 L	V	1	7	4	0	4	0
35	 126 L	P	1	7	6	4	4	0
35	 127 L	F	1	11	9	9	1	3
35	 128 L	A	1	5	3	0	3	0
35	 129 L	F	1	11	2	0	2	0
35	 130 L	S	1	6	4	4	0	0
35	 131 L	F	1	11	9	7	4	0
35	 132 L	A	1	5	0	0	0	0
35	 133 L	I	1	8	4	3	3	0
35	 134 L	G	1	4	2	2	0	0
35	 135 L	A	1	5	2	2	0	0
35	 136 L	Y	1	12	3	0	3	0
35	 137 L	L	1	8	3	3	0	0
35	 138 L	V	1	7	2	1	1	1
35	 139 L	L	0	8	1	0	1	0
35	 140 L	V	0	7	3	1	3	0
35	 141 L	F	0	11	7	7	0	7
35	 142 L	V	0	7	3	2	0	3
35	 143 L	R	0	11	2	0	2	0
35	 144 L	P	0	7	0	0	0	0
35	 145 L	L	0	8	6	1	0	6
35	 146 L	L	0	8	6	1	1	6
35	 147 L	M	0	8	1	0	0	1
39	 179 L	P	0	7	4	4	0	3
39	 180 L	A	1	5	4	3	2	3
39	 181 L	H	1	10	4	0	4	0
39	 182 L	M	1	8	0	0	0	0
39	 183 L	L	1	8	3	3	2	1
39	 184 L	A	1	5	2	0	2	0
39	 185 L	I	1	8	0	0	0	0
39	 186 L	S	1	6	1	1	0	0
39	 187 L	F	1	11	7	4	7	0
39	 188 L	F	1	11	7	0	7	0
39	 189 L	F	1	11	1	0	1	0
39	 190 L	T	1	7	3	3	1	0
39	 191 L	N	1	8	5	0	5	0
39	 192 L	C	1	6	2	0	2	0
39	 193 L	L	1	8	4	4	0	0
39	 194 L	A	1	5	2	1	2	1
39	 195 L	L	1	8	6	0	6	0
39	 196 L	S	1	6	2	0	2	0
39	 197 L	M	0	8	2	2	0	2
39	 198 L	H	0	10	6	1	4	3
39	 199 L	G	0	4	0	0	0	0
39	 200 L	S	0	6	5	0	5	0
39	 201 L	L	0	8	1	0	0	1
39	 202 L	I	0	8	4	0	3	1
39	 203 L	L	0	8	4	1	4	1
39	 204 L	S	0	6	2	0	2	0
39	 205 L	V	0	7	0	0	0	0
43	 234 L	A	0	5	3	0	0	3
43	 235 L	L	0	8	3	0	1	2
43	 236 L	A	0	5	1	0	0	1
43	 237 L	I	0	8	4	2	1	4
43	 238 L	H	0	10	5	0	5	0
43	 239 L	R	0	11	6	4	1	5
43	 240 L	L	1	8	5	5	0	4
43	 241 L	G	1	4	1	0	1	0
43	 242 L	L	1	8	3	2	1	2
43	 243 L	F	1	11	8	8	0	1
43	 244 L	L	1	8	3	2	3	0
43	 245 L	A	1	5	1	0	1	0
43	 246 L	L	1	8	4	2	4	0
43	 247 L	S	1	6	3	2	1	0
43	 248 L	A	1	5	2	0	2	0
43	 249 L	A	1	5	3	3	1	0
43	 250 L	F	1	11	8	8	0	0
43	 251 L	W	1	14	10	4	8	0
43	 252 L	S	1	6	1	0	1	0
43	 253 L	A	1	5	1	1	0	0
43	 254 L	V	1	7	3	3	1	2
43	 255 L	C	0	6	3	0	3	0
43	 256 L	I	0	8	2	0	2	0
43	 257 L	L	0	8	4	2	4	2
52	  54 M	L	0	8	6	3	0	6
52	  55 M	T	0	7	3	2	1	3
52	  56 M	G	0	4	1	0	0	1
52	  57 M	T	1	7	4	4	0	3
52	  58 M	L	1	8	7	4	4	3
52	  59 M	S	1	6	5	0	5	0
52	  60 M	I	1	8	3	3	0	2
52	  61 M	F	1	11	8	8	0	1
52	  62 M	F	1	11	5	3	3	0
52	  63 M	G	1	4	2	0	2	0
52	  64 M	L	1	8	4	4	0	0
52	  65 M	V	1	7	4	4	3	0
52	  66 M	A	1	5	1	0	1	0
52	  67 M	I	1	8	1	1	0	0
52	  68 M	S	1	6	2	2	0	0
52	  69 M	I	1	8	4	2	4	0
52	  70 M	I	1	8	1	0	1	0
52	  71 M	G	1	4	0	0	0	0
52	  72 M	F	0	11	5	5	0	3
52	  73 M	N	0	8	5	0	1	4
52	  74 M	M	0	8	0	0	0	0
52	  75 M	L	0	8	1	1	0	1
52	  76 M	A	0	5	0	0	0	0
56	 112 M	G	0	4	2	2	0	2
56	 113 M	W	0	14	7	3	3	6
56	 114 M	W	0	14	0	0	0	0
56	 115 M	L	1	8	2	2	0	1
56	 116 M	I	1	8	5	4	3	2
56	 117 M	A	1	5	3	0	3	0
56	 118 M	G	1	4	0	0	0	0
56	 119 M	L	1	8	4	4	0	0
56	 120 M	F	1	11	5	3	3	0
56	 121 M	L	1	8	4	0	4	0
56	 122 M	T	1	7	4	2	4	0
56	 123 M	L	1	8	4	3	3	0
56	 124 M	S	1	6	2	0	2	0
56	 125 M	I	1	8	2	0	2	0
56	 126 M	L	1	8	5	5	0	0
56	 127 M	L	1	8	5	3	5	1
56	 128 M	W	1	14	3	1	2	1
56	 129 M	W	1	14	8	2	6	2
56	 130 M	V	0	7	3	3	2	3
56	 131 M	R	0	11	4	0	0	4
56	 132 M	T	0	7	2	0	2	0
56	 133 M	Y	0	12	6	3	1	5
56	 134 M	K	0	9	5	0	0	5
56	 135 M	R	0	11	3	0	0	3
56	 136 M	A	0	5	0	0	0	0
56	 137 M	E	0	9	7	0	0	7
58	 144 M	H	0	10	9	3	6	6
58	 145 M	L	0	8	5	0	5	0
58	 146 M	S	0	6	2	0	2	0
58	 147 M	W	1	14	11	5	2	11
58	 148 M	A	1	5	2	0	2	0
58	 149 M	F	1	11	2	0	2	0
58	 150 M	A	1	5	3	3	1	0
58	 151 M	A	1	5	4	2	3	0
58	 152 M	A	1	5	1	0	1	0
58	 153 M	I	1	8	2	0	2	0
58	 154 M	F	1	11	7	7	2	0
58	 155 M	F	1	11	4	0	4	0
58	 156 M	Y	1	12	5	0	5	0
58	 157 M	L	1	8	2	2	1	0
58	 158 M	V	1	7	3	0	3	0
58	 159 M	L	1	8	1	0	1	0
58	 160 M	G	1	4	0	0	0	0
58	 161 M	F	1	11	3	3	0	0
58	 162 M	I	1	8	4	4	1	0
58	 163 M	R	1	11	1	0	1	0
58	 164 M	P	1	7	0	0	0	0
58	 165 M	V	1	7	4	4	0	3
58	 166 M	M	1	8	7	7	0	5
58	 167 M	M	0	8	6	0	0	6
62	 199 M	P	1	7	2	0	2	0
62	 200 M	F	1	11	7	2	7	0
62	 201 M	H	1	10	0	0	0	0
62	 202 M	M	1	8	0	0	0	0
62	 203 M	L	1	8	4	0	4	0
62	 204 M	S	1	6	3	0	3	0
62	 205 M	I	1	8	0	0	0	0
62	 206 M	A	1	5	0	0	0	0
62	 207 M	F	1	11	5	0	5	0
62	 208 M	L	1	8	4	0	4	0
62	 209 M	Y	1	12	0	0	0	0
62	 210 M	G	1	4	0	0	0	0
62	 211 M	S	1	6	5	0	5	0
62	 212 M	A	1	5	2	0	2	0
62	 213 M	L	1	8	0	0	0	0
62	 214 M	L	1	8	2	0	2	0
62	 215 M	F	1	11	8	0	8	0
62	 216 M	A	1	5	1	0	1	0
62	 217 M	M	1	8	0	0	0	0
62	 218 M	H	0	10	4	0	4	0
62	 219 M	G	0	4	0	0	0	0
62	 220 M	A	0	5	4	0	4	0
62	 221 M	T	0	7	4	0	4	0
62	 222 M	I	0	8	3	0	3	0
62	 223 M	L	0	8	3	0	3	0
62	 224 M	S	0	6	2	0	2	0
68	 263 M	S	0	6	1	0	1	0
68	 264 M	I	0	8	2	0	2	0
68	 265 M	H	0	10	6	0	6	0
68	 266 M	R	0	11	7	1	6	4
68	 267 M	W	1	14	7	0	7	0
68	 268 M	A	1	5	2	0	2	0
68	 269 M	W	1	14	8	6	3	6
68	 270 M	W	1	14	7	4	7	3
68	 271 M	C	1	6	2	0	2	0
68	 272 M	A	1	5	1	0	1	0
68	 273 M	V	1	7	3	1	3	0
68	 274 M	L	1	8	3	1	2	0
68	 275 M	T	1	7	5	0	5	0
68	 276 M	V	1	7	3	0	3	0
68	 277 M	I	1	8	3	3	0	0
68	 278 M	T	1	7	4	0	4	0
68	 279 M	A	1	5	1	0	1	0
68	 280 M	G	1	4	2	0	2	0
68	 281 M	I	1	8	4	3	2	0
68	 282 M	G	1	4	1	0	1	0
68	 283 M	I	1	8	5	0	5	0
68	 284 M	L	1	8	4	4	3	1
