H-Nr	AAId	AA	I/A	ges	Kont	Memb	Hel	H2O
6	  34 A	P	0	7	5	0	0	5
6	  35 A	W	0	14	13	4	0	13
6	  36 A	Q	0	9	5	2	0	5
6	  37 A	F	0	11	2	0	0	2
6	  38 A	S	0	6	4	2	0	4
6	  39 A	M	1	8	4	4	1	4
6	  40 A	L	1	8	3	2	1	1
6	  41 A	A	1	5	5	2	5	1
6	  42 A	A	1	5	3	3	1	0
6	  43 A	Y	1	12	9	9	0	0
6	  44 A	M	1	8	3	0	3	0
6	  45 A	F	1	11	6	6	1	0
6	  46 A	L	1	8	4	4	1	0
6	  47 A	L	1	8	3	2	1	0
6	  48 A	I	1	8	5	4	4	0
6	  49 A	M	1	8	5	4	2	0
6	  50 A	L	1	8	3	1	3	0
6	  51 A	G	1	4	0	0	0	0
6	  52 A	F	1	11	7	5	3	0
6	  53 A	P	1	7	6	5	2	0
6	  54 A	I	1	8	5	0	5	0
6	  55 A	N	1	8	4	0	4	0
6	  56 A	F	1	11	6	6	0	0
6	  57 A	L	1	8	4	4	1	0
6	  58 A	T	1	7	2	0	2	0
6	  59 A	L	1	8	5	3	5	0
6	  60 A	Y	1	12	9	9	0	3
6	  61 A	V	1	7	0	0	0	0
6	  62 A	T	1	7	2	1	2	1
6	  63 A	V	1	7	4	4	0	4
6	  64 A	Q	0	9	6	3	0	6
8	  71 A	P	0	7	4	1	4	3
8	  72 A	L	1	8	4	0	3	2
8	  73 A	N	1	8	5	2	0	4
8	  74 A	Y	1	12	10	7	8	4
8	  75 A	I	1	8	4	1	4	1
8	  76 A	L	1	8	1	0	1	0
8	  77 A	L	1	8	4	3	4	0
8	  78 A	N	1	8	5	3	4	0
8	  79 A	L	1	8	2	0	2	0
8	  80 A	A	1	5	1	0	1	0
8	  81 A	V	1	7	3	3	0	0
8	  82 A	A	1	5	1	0	1	0
8	  83 A	D	1	8	2	0	2	0
8	  84 A	L	1	8	6	6	3	0
8	  85 A	F	1	11	6	5	4	0
8	  86 A	M	1	8	2	0	2	0
8	  87 A	V	1	7	1	0	1	0
8	  88 A	F	1	11	9	9	2	0
8	  89 A	G	1	4	4	3	3	0
8	  90 A	G	1	4	1	0	1	0
8	  91 A	F	1	11	7	0	7	0
8	  92 A	T	1	7	6	6	0	0
8	  93 A	T	1	7	4	3	2	3
8	  94 A	T	1	7	4	0	4	0
8	  95 A	L	1	8	5	3	5	1
8	  96 A	Y	1	12	4	2	0	4
8	  97 A	T	0	7	0	0	0	0
8	  98 A	S	0	6	3	0	2	1
8	  99 A	L	0	8	7	4	2	7
8	 100 A	H	0	10	6	2	0	6
10	 106 A	G	0	4	2	0	0	2
10	 107 A	P	0	7	3	1	0	3
10	 108 A	T	0	7	3	1	0	3
10	 109 A	G	0	4	3	0	3	0
10	 110 A	C	0	6	1	0	0	1
10	 111 A	N	1	8	5	5	0	4
10	 112 A	L	1	8	3	3	0	3
10	 113 A	E	1	9	4	0	4	0
10	 114 A	G	1	4	0	0	0	0
10	 115 A	F	1	11	6	5	3	0
10	 116 A	F	1	11	6	3	5	0
10	 117 A	A	1	5	0	0	0	0
10	 118 A	T	1	7	2	0	2	0
10	 119 A	L	1	8	3	1	3	0
10	 120 A	G	1	4	1	0	1	0
10	 121 A	G	1	4	2	0	2	0
10	 122 A	E	1	9	2	0	2	0
10	 123 A	I	1	8	4	0	4	0
10	 124 A	A	1	5	1	0	1	0
10	 125 A	L	1	8	6	0	6	0
10	 126 A	W	1	14	11	2	11	0
10	 127 A	S	1	6	4	0	4	0
10	 128 A	L	1	8	4	0	4	0
10	 129 A	V	1	7	5	1	5	0
10	 130 A	V	1	7	4	4	1	1
10	 131 A	L	1	8	4	0	4	0
10	 132 A	A	1	5	4	2	3	0
10	 133 A	I	1	8	4	4	1	3
10	 134 A	E	0	9	4	1	3	3
10	 135 A	R	0	11	6	2	5	3
10	 136 A	Y	0	12	8	7	1	8
10	 137 A	V	0	7	3	1	0	3
10	 138 A	V	0	7	4	0	0	4
10	 139 A	V	0	7	5	0	0	5
12	 150 A	E	0	9	7	1	4	7
12	 151 A	N	0	8	6	4	0	6
12	 152 A	H	0	10	7	4	0	6
12	 153 A	A	1	5	2	1	1	2
12	 154 A	I	1	8	4	4	2	2
12	 155 A	M	1	8	7	7	0	4
12	 156 A	G	1	4	2	2	0	0
12	 157 A	V	1	7	3	3	2	0
12	 158 A	A	1	5	4	4	0	0
12	 159 A	F	1	11	8	8	3	0
12	 160 A	T	1	7	4	0	4	0
12	 161 A	W	1	14	11	11	8	0
12	 162 A	V	1	7	5	5	0	0
12	 163 A	M	1	8	4	2	3	0
12	 164 A	A	1	5	2	0	2	0
12	 165 A	L	1	8	6	6	2	0
12	 166 A	A	1	5	5	4	3	0
12	 167 A	C	1	6	3	0	3	0
12	 168 A	A	1	5	4	0	4	0
18	 200 A	N	0	8	1	0	0	1
18	 201 A	E	0	9	5	3	1	5
18	 202 A	S	1	6	5	5	0	4
18	 203 A	F	1	11	1	0	1	0
18	 204 A	V	1	7	3	0	3	0
18	 205 A	I	1	8	4	4	1	1
18	 206 A	Y	1	12	6	6	1	0
18	 207 A	M	1	8	1	0	1	0
18	 208 A	F	1	11	7	4	4	0
18	 209 A	V	1	7	5	3	3	0
18	 210 A	V	1	7	4	3	1	0
20	 213 A	I	1	8	6	5	4	0
20	 214 A	I	1	8	4	4	3	0
20	 215 A	P	1	7	4	0	4	0
20	 216 A	L	1	8	3	2	1	0
20	 217 A	I	1	8	5	5	0	0
20	 218 A	V	1	7	5	5	2	0
20	 219 A	I	1	8	4	2	2	0
20	 220 A	F	1	11	9	9	1	0
20	 221 A	F	1	11	8	8	0	1
20	 222 A	C	1	6	2	2	2	2
20	 223 A	Y	1	12	9	9	1	4
22	 242 A	T	0	7	5	0	0	5
22	 243 A	T	0	7	5	0	0	5
22	 244 A	Q	0	9	5	0	0	5
22	 245 A	K	0	9	3	0	0	3
22	 246 A	A	0	5	4	0	0	4
22	 247 A	E	0	9	6	0	1	6
22	 248 A	K	0	9	5	0	0	5
22	 249 A	E	0	9	6	2	0	6
22	 250 A	V	0	7	3	0	2	2
22	 251 A	T	0	7	4	2	4	2
22	 252 A	R	1	11	7	7	0	6
22	 253 A	M	1	8	1	0	1	0
22	 254 A	V	1	7	3	1	3	1
22	 255 A	I	1	8	4	4	1	2
22	 256 A	I	1	8	3	3	0	0
22	 257 A	M	1	8	2	0	2	0
22	 258 A	V	1	7	3	3	1	0
22	 259 A	I	1	8	4	4	0	0
22	 260 A	A	1	5	3	3	0	0
22	 261 A	F	1	11	6	0	6	0
22	 262 A	L	1	8	3	3	2	0
22	 263 A	I	1	8	6	6	0	0
22	 264 A	C	1	6	1	1	0	0
22	 265 A	W	1	14	1	0	1	0
22	 266 A	L	1	8	6	6	0	0
22	 267 A	P	1	7	5	5	0	0
22	 268 A	Y	1	12	0	0	0	0
22	 269 A	A	1	5	2	2	0	0
22	 270 A	G	1	4	4	4	0	0
22	 271 A	V	1	7	3	3	0	2
22	 272 A	A	1	5	0	0	0	0
22	 273 A	F	1	11	8	7	3	0
22	 274 A	Y	1	12	7	4	0	5
22	 275 A	I	0	8	0	0	0	0
22	 276 A	F	0	11	7	4	6	4
22	 277 A	T	0	7	6	5	0	6
35	  34 B	P	0	7	5	4	0	5
35	  35 B	W	1	14	12	12	0	3
35	  36 B	Q	1	9	6	6	0	0
35	  37 B	F	1	11	1	1	0	1
35	  38 B	S	1	6	5	5	0	1
35	  39 B	M	1	8	5	5	0	0
35	  40 B	L	1	8	5	3	4	0
35	  41 B	A	1	5	4	0	4	0
35	  42 B	A	1	5	1	1	0	0
35	  43 B	Y	1	12	9	9	4	0
35	  44 B	M	1	8	4	0	4	0
35	  45 B	F	1	11	4	2	2	0
35	  46 B	L	1	8	4	4	0	0
35	  47 B	L	1	8	2	2	0	0
35	  48 B	I	1	8	4	3	4	0
35	  49 B	M	1	8	5	2	4	0
35	  50 B	L	1	8	4	2	4	0
35	  51 B	G	1	4	0	0	0	0
35	  52 B	F	1	11	7	4	5	0
35	  53 B	P	1	7	5	4	2	0
35	  54 B	I	1	8	3	0	3	0
35	  55 B	N	1	8	5	0	5	0
35	  56 B	F	1	11	5	5	0	0
35	  57 B	L	1	8	3	3	0	0
35	  58 B	T	1	7	3	0	3	0
35	  59 B	L	1	8	5	3	5	0
35	  60 B	Y	1	12	9	9	0	0
35	  61 B	V	1	7	0	0	0	0
35	  62 B	T	1	7	2	1	1	0
35	  63 B	V	1	7	5	5	0	0
35	  64 B	Q	1	9	5	5	0	0
37	  71 B	P	1	7	3	2	2	0
37	  72 B	L	1	8	3	2	2	2
37	  73 B	N	1	8	4	3	2	1
37	  74 B	Y	1	12	10	7	8	0
37	  75 B	I	1	8	4	0	4	0
37	  76 B	L	1	8	4	0	4	0
37	  77 B	L	1	8	4	3	2	0
37	  78 B	N	1	8	5	4	2	0
37	  79 B	L	1	8	2	0	2	0
37	  80 B	A	1	5	3	0	3	0
37	  81 B	V	1	7	3	3	0	0
37	  82 B	A	1	5	1	0	1	0
37	  83 B	D	1	8	2	0	2	0
37	  84 B	L	1	8	6	6	3	0
37	  85 B	F	1	11	6	4	4	0
37	  86 B	M	1	8	2	0	2	0
37	  87 B	V	1	7	1	0	1	0
37	  88 B	F	1	11	9	9	2	0
37	  89 B	G	1	4	4	3	3	1
37	  90 B	G	1	4	0	0	0	0
37	  91 B	F	1	11	5	0	5	0
37	  92 B	T	1	7	5	5	0	4
37	  93 B	T	1	7	4	3	3	3
37	  94 B	T	1	7	4	0	4	0
37	  95 B	L	1	8	4	3	3	0
37	  96 B	Y	1	12	4	2	0	4
37	  97 B	T	1	7	0	0	0	0
37	  98 B	S	1	6	2	1	1	1
37	  99 B	L	0	8	6	5	2	5
37	 100 B	H	0	10	6	1	0	6
39	 106 B	G	0	4	2	0	0	2
39	 107 B	P	0	7	3	0	0	3
39	 108 B	T	0	7	3	1	0	3
39	 109 B	G	0	4	3	0	3	0
39	 110 B	C	0	6	1	0	0	1
39	 111 B	N	1	8	5	4	0	5
39	 112 B	L	1	8	4	4	1	3
39	 113 B	E	1	9	4	0	4	0
39	 114 B	G	1	4	0	0	0	0
39	 115 B	F	1	11	6	5	3	1
39	 116 B	F	1	11	5	3	4	0
39	 117 B	A	1	5	1	0	1	0
39	 118 B	T	1	7	2	0	2	0
39	 119 B	L	1	8	6	1	6	0
39	 120 B	G	1	4	1	0	1	0
39	 121 B	G	1	4	1	0	1	0
39	 122 B	E	1	9	2	0	2	0
39	 123 B	I	1	8	4	0	4	0
39	 124 B	A	1	5	1	0	1	0
39	 125 B	L	1	8	4	0	4	0
39	 126 B	W	1	14	11	2	11	0
39	 127 B	S	1	6	4	0	4	0
39	 128 B	L	1	8	5	0	5	0
39	 129 B	V	1	7	5	2	5	0
39	 130 B	V	1	7	4	4	3	0
39	 131 B	L	1	8	4	0	4	0
39	 132 B	A	1	5	4	2	4	2
39	 133 B	I	1	8	4	4	1	2
39	 134 B	E	1	9	3	1	3	1
39	 135 B	R	0	11	6	3	4	3
39	 136 B	Y	0	12	7	1	3	6
39	 137 B	V	0	7	3	2	0	3
39	 138 B	V	0	7	5	1	0	5
39	 139 B	V	0	7	5	0	0	5
41	 150 B	E	1	9	7	7	4	0
41	 151 B	N	1	8	6	6	0	0
41	 152 B	H	1	10	5	5	0	1
41	 153 B	A	1	5	1	0	1	0
41	 154 B	I	1	8	4	4	2	0
41	 155 B	M	1	8	6	6	0	0
41	 156 B	G	1	4	3	2	2	0
41	 157 B	V	1	7	3	3	0	0
41	 158 B	A	1	5	2	2	0	0
41	 159 B	F	1	11	9	9	3	0
41	 160 B	T	1	7	4	0	4	0
41	 161 B	W	1	14	12	12	7	0
41	 162 B	V	1	7	5	5	0	0
41	 163 B	M	1	8	4	2	3	0
41	 164 B	A	1	5	3	0	3	0
41	 165 B	L	1	8	5	5	2	0
41	 166 B	A	1	5	5	4	3	0
41	 167 B	C	1	6	2	0	2	0
41	 168 B	A	1	5	4	0	4	0
47	 200 B	N	1	8	1	1	0	0
47	 201 B	E	1	9	5	4	3	1
47	 202 B	S	1	6	5	5	0	0
47	 203 B	F	1	11	1	0	1	0
47	 204 B	V	1	7	3	1	3	0
47	 205 B	I	1	8	5	5	0	0
47	 206 B	Y	1	12	5	5	1	0
47	 207 B	M	1	8	2	0	2	0
47	 208 B	F	1	11	8	4	6	0
47	 209 B	V	1	7	6	3	3	0
49	 213 B	I	1	8	5	5	3	0
49	 214 B	I	1	8	5	3	3	0
49	 215 B	P	1	7	3	0	3	0
49	 216 B	L	1	8	4	2	3	0
49	 217 B	I	1	8	6	6	0	0
49	 218 B	V	1	7	4	4	2	0
49	 219 B	I	1	8	6	2	5	2
49	 220 B	F	1	11	9	9	1	3
49	 221 B	F	1	11	9	8	0	7
49	 222 B	C	0	6	2	2	2	2
49	 223 B	Y	0	12	9	3	2	9
49	 224 B	G	0	4	3	1	0	3
49	 225 B	Q	0	9	7	1	3	6
53	 248 B	K	0	9	2	0	0	2
53	 249 B	E	0	9	6	0	0	6
53	 250 B	V	0	7	3	2	2	3
53	 251 B	T	0	7	4	1	4	1
53	 252 B	R	0	11	6	1	1	6
53	 253 B	M	1	8	5	0	5	0
53	 254 B	V	1	7	3	1	3	1
53	 255 B	I	1	8	4	2	2	4
53	 256 B	I	1	8	4	3	3	3
53	 257 B	M	1	8	4	0	4	0
53	 258 B	V	1	7	3	3	1	1
53	 259 B	I	1	8	4	4	0	1
53	 260 B	A	1	5	3	3	1	0
53	 261 B	F	1	11	8	0	8	0
53	 262 B	L	1	8	4	4	2	0
53	 263 B	I	1	8	6	6	2	0
53	 264 B	C	1	6	4	2	3	0
53	 265 B	W	1	14	3	0	3	0
53	 266 B	L	1	8	6	6	0	0
53	 267 B	P	1	7	6	5	2	0
53	 268 B	Y	1	12	4	0	4	0
53	 269 B	A	1	5	3	2	2	0
53	 270 B	G	1	4	4	4	0	0
53	 271 B	V	1	7	5	3	3	0
53	 272 B	A	1	5	3	0	3	0
53	 273 B	F	1	11	8	7	3	0
53	 274 B	Y	1	12	8	7	2	0
53	 275 B	I	1	8	2	0	2	0
53	 276 B	F	1	11	7	4	6	0
55	 285 B	P	1	7	2	2	0	2
55	 286 B	I	1	8	5	5	0	0
55	 287 B	F	1	11	9	7	3	0
55	 288 B	M	1	8	3	0	3	0
55	 289 B	T	1	7	1	1	1	0
55	 290 B	I	1	8	6	6	0	0
55	 291 B	P	1	7	4	4	2	0
55	 292 B	A	1	5	2	0	2	0
55	 293 B	F	1	11	8	1	8	0
55	 294 B	F	1	11	9	9	3	0
55	 295 B	A	1	5	1	0	1	0
57	 301 B	Y	1	12	8	3	5	0
57	 302 B	N	1	8	2	0	2	0
57	 303 B	P	1	7	3	0	3	0
57	 304 B	V	1	7	3	3	1	0
57	 305 B	I	1	8	5	4	4	0
57	 306 B	Y	1	12	9	0	9	0
57	 307 B	I	1	8	3	3	0	1
57	 308 B	M	1	8	6	6	2	4
57	 309 B	M	0	8	7	6	3	7
