H-Nr	AAId	AA	I/A	ges	Kont	Memb	Hel	H2O
123	  22 C	M	0	8	3	3	0	3
123	  23 C	P	0	7	2	0	0	2
123	  24 C	A	0	5	2	0	0	2
123	  25 C	K	0	9	6	6	0	6
123	  26 C	L	1	8	1	1	1	1
123	  27 C	D	1	8	3	0	1	2
123	  28 C	W	1	14	11	11	0	2
123	  29 C	W	1	14	11	10	2	2
123	  30 C	Q	1	9	4	0	4	0
123	  31 C	S	1	6	3	2	2	1
123	  32 C	A	1	5	4	4	0	0
123	  33 C	T	1	7	4	2	2	0
123	  34 C	G	1	4	1	0	1	0
123	  35 C	L	1	8	5	4	4	0
123	  36 C	F	1	11	8	6	4	0
123	  37 C	L	1	8	3	0	3	0
123	  38 C	G	1	4	0	0	0	0
123	  39 C	L	1	8	6	6	0	0
123	  40 C	F	1	11	8	7	4	0
123	  41 C	M	1	8	2	0	2	0
123	  42 C	I	1	8	3	3	1	0
123	  43 C	G	1	4	3	3	0	0
123	  44 C	H	1	10	4	4	0	0
123	  45 C	M	1	8	2	0	2	0
123	  46 C	F	1	11	9	9	2	0
123	  47 C	F	1	11	8	8	0	3
123	  48 C	V	1	7	5	3	2	2
127	  77 C	I	0	8	4	4	0	3
127	  78 C	V	1	7	5	5	0	2
127	  79 C	V	1	7	4	4	0	1
127	  80 C	S	1	6	3	3	2	1
127	  81 C	F	1	11	10	10	0	2
127	  82 C	L	1	8	5	5	1	0
127	  83 C	A	1	5	1	0	1	0
127	  84 C	A	1	5	3	3	1	0
127	  85 C	F	1	11	9	9	2	0
127	  86 C	V	1	7	3	0	3	0
127	  87 C	F	1	11	7	7	6	0
127	  88 C	A	1	5	4	4	0	0
127	  89 C	V	1	7	4	4	3	0
127	  90 C	F	1	11	6	0	6	0
127	  91 C	I	1	8	4	3	3	0
127	  92 C	A	1	5	2	2	0	0
127	  93 C	H	1	10	6	0	6	0
127	  94 C	A	1	5	1	0	1	0
127	  95 C	F	1	11	7	7	2	0
127	  96 C	L	1	8	4	3	3	0
127	  97 C	A	1	5	0	0	0	0
131	 121 C	G	1	4	3	3	0	2
131	 122 C	D	1	8	6	4	4	3
131	 123 C	T	1	7	0	0	0	0
131	 124 C	T	1	7	3	3	0	3
131	 125 C	L	1	8	4	3	3	0
131	 126 C	W	1	14	3	0	3	0
131	 127 C	W	1	14	3	3	0	1
131	 128 C	I	1	8	4	4	0	0
131	 129 C	Q	1	9	4	0	4	0
131	 130 C	A	1	5	0	0	0	0
131	 131 C	M	1	8	5	5	0	0
131	 132 C	T	1	7	4	2	2	0
131	 133 C	G	1	4	1	0	1	0
131	 134 C	F	1	11	4	2	3	0
131	 135 C	A	1	5	3	3	0	0
131	 136 C	M	1	8	4	0	4	0
131	 137 C	F	1	11	7	0	7	0
131	 138 C	F	1	11	9	5	6	0
131	 139 C	L	1	8	4	3	3	0
131	 140 C	G	1	4	0	0	0	0
131	 141 C	S	1	6	4	0	4	0
131	 142 C	V	1	7	4	1	4	0
131	 143 C	H	1	10	3	0	3	0
131	 144 C	L	1	8	3	0	3	0
131	 145 C	Y	1	12	10	2	10	0
131	 146 C	I	1	8	0	0	0	0
131	 147 C	M	1	8	0	0	0	0
131	 148 C	M	1	8	7	4	6	0
131	 149 C	T	1	7	4	4	0	4
135	 169 C	W	1	14	9	8	2	4
135	 170 C	P	1	7	6	5	2	0
135	 171 C	L	1	8	4	3	3	0
135	 172 C	Y	1	12	4	0	4	0
135	 173 C	L	1	8	4	4	2	0
135	 174 C	V	1	7	5	5	2	0
135	 175 C	L	1	8	1	0	1	0
135	 176 C	L	1	8	2	0	2	0
135	 177 C	F	1	11	7	7	4	0
135	 178 C	A	1	5	3	2	3	0
135	 179 C	V	1	7	3	0	3	0
135	 180 C	E	1	9	5	0	5	0
135	 181 C	L	1	8	3	3	0	0
135	 182 C	H	1	10	5	0	5	0
135	 183 C	G	1	4	0	0	0	0
135	 184 C	S	1	6	3	2	2	0
135	 185 C	V	1	7	4	1	4	0
135	 186 C	G	1	4	0	0	0	0
135	 187 C	L	1	8	6	6	2	0
135	 188 C	Y	1	12	10	3	8	0
135	 189 C	R	1	11	5	0	5	0
135	 190 C	L	1	8	3	1	2	0
135	 191 C	A	1	5	1	1	1	0
135	 192 C	V	0	7	1	0	1	0
135	 193 C	K	0	9	0	0	0	0
135	 194 C	W	0	14	8	6	3	6
137	 202 C	P	0	7	3	0	0	3
137	 203 C	D	0	8	6	2	0	6
137	 204 C	K	0	9	7	5	0	7
137	 205 C	T	1	7	4	4	0	2
137	 206 C	R	1	11	7	5	3	6
137	 207 C	A	1	5	4	4	0	2
137	 208 C	N	1	8	6	6	0	2
137	 209 C	L	1	8	5	4	2	0
137	 210 C	K	1	9	6	5	2	2
137	 211 C	K	1	9	6	6	0	0
137	 212 C	L	1	8	5	5	0	0
137	 213 C	K	1	9	6	6	4	0
137	 214 C	T	1	7	5	5	0	0
137	 215 C	L	1	8	5	5	0	0
137	 216 C	M	1	8	6	6	1	0
137	 217 C	S	1	6	2	2	2	0
137	 218 C	A	1	5	3	3	0	0
137	 219 C	F	1	11	9	9	1	0
137	 220 C	L	1	8	4	2	4	0
137	 221 C	I	1	8	4	3	3	0
137	 222 C	V	1	7	3	3	0	0
137	 223 C	L	1	8	3	3	0	0
137	 224 C	G	1	4	2	0	2	0
137	 225 C	L	1	8	6	6	2	0
137	 226 C	L	1	8	6	6	0	2
137	 227 C	T	1	7	1	0	1	0
137	 228 C	F	1	11	4	2	3	2
137	 229 C	G	1	4	3	2	0	3
137	 230 C	A	0	5	3	2	0	3
137	 231 C	Y	0	12	2	0	2	0
137	 232 C	V	0	7	3	3	0	3
137	 233 C	K	0	9	6	0	0	6
137	 234 C	K	0	9	6	0	0	6
137	 235 C	G	0	4	1	0	0	1
261	  22 F	M	0	8	3	3	0	3
261	  23 F	P	0	7	2	0	0	2
261	  24 F	A	0	5	2	0	0	2
261	  25 F	K	0	9	6	6	0	6
261	  26 F	L	1	8	1	1	1	1
261	  27 F	D	1	8	3	0	1	2
261	  28 F	W	1	14	11	11	0	2
261	  29 F	W	1	14	11	10	2	2
261	  30 F	Q	1	9	4	0	4	0
261	  31 F	S	1	6	3	2	2	1
261	  32 F	A	1	5	4	4	0	0
261	  33 F	T	1	7	4	2	2	0
261	  34 F	G	1	4	1	0	1	0
261	  35 F	L	1	8	5	4	4	0
261	  36 F	F	1	11	8	6	4	0
261	  37 F	L	1	8	3	0	3	0
261	  38 F	G	1	4	0	0	0	0
261	  39 F	L	1	8	6	6	0	0
261	  40 F	F	1	11	8	7	4	0
261	  41 F	M	1	8	2	0	2	0
261	  42 F	I	1	8	3	3	1	0
261	  43 F	G	1	4	3	3	0	0
261	  44 F	H	1	10	4	4	0	0
261	  45 F	M	1	8	1	0	1	0
261	  46 F	F	1	11	9	9	2	0
261	  47 F	F	1	11	8	8	0	3
261	  48 F	V	1	7	5	3	2	2
265	  77 F	I	0	8	4	4	0	4
265	  78 F	V	1	7	5	5	0	2
265	  79 F	V	1	7	4	4	0	1
265	  80 F	S	1	6	3	3	2	1
265	  81 F	F	1	11	10	10	0	2
265	  82 F	L	1	8	5	5	1	0
265	  83 F	A	1	5	1	0	1	0
265	  84 F	A	1	5	3	3	1	0
265	  85 F	F	1	11	9	9	2	0
265	  86 F	V	1	7	3	0	3	0
265	  87 F	F	1	11	7	6	6	0
265	  88 F	A	1	5	4	4	0	0
265	  89 F	V	1	7	4	4	3	0
265	  90 F	F	1	11	6	0	6	0
265	  91 F	I	1	8	4	3	2	0
265	  92 F	A	1	5	2	2	0	0
265	  93 F	H	1	10	6	0	6	0
265	  94 F	A	1	5	1	0	1	0
265	  95 F	F	1	11	7	7	2	0
265	  96 F	L	1	8	4	3	3	0
265	  97 F	A	1	5	0	0	0	0
269	 121 F	G	1	4	3	2	0	2
269	 122 F	D	1	8	6	4	4	3
269	 123 F	T	1	7	0	0	0	0
269	 124 F	T	1	7	3	3	0	3
269	 125 F	L	1	8	4	3	3	0
269	 126 F	W	1	14	3	0	3	0
269	 127 F	W	1	14	3	3	0	1
269	 128 F	I	1	8	4	4	0	0
269	 129 F	Q	1	9	4	0	4	0
269	 130 F	A	1	5	0	0	0	0
269	 131 F	M	1	8	5	5	0	0
269	 132 F	T	1	7	4	2	2	0
269	 133 F	G	1	4	1	0	1	0
269	 134 F	F	1	11	4	2	3	0
269	 135 F	A	1	5	3	3	0	0
269	 136 F	M	1	8	4	0	4	0
269	 137 F	F	1	11	7	0	7	0
269	 138 F	F	1	11	9	5	7	0
269	 139 F	L	1	8	4	3	3	0
269	 140 F	G	1	4	0	0	0	0
269	 141 F	S	1	6	4	0	4	0
269	 142 F	V	1	7	4	1	4	0
269	 143 F	H	1	10	3	0	3	0
269	 144 F	L	1	8	3	0	3	0
269	 145 F	Y	1	12	9	2	9	0
269	 146 F	I	1	8	0	0	0	0
269	 147 F	M	1	8	0	0	0	0
269	 148 F	M	1	8	7	4	6	0
269	 149 F	T	1	7	4	4	0	4
273	 169 F	W	1	14	9	8	2	5
273	 170 F	P	1	7	6	5	2	0
273	 171 F	L	1	8	4	2	3	0
273	 172 F	Y	1	12	3	0	3	0
273	 173 F	L	1	8	4	4	2	0
273	 174 F	V	1	7	5	5	2	0
273	 175 F	L	1	8	1	0	1	0
273	 176 F	L	1	8	2	0	2	0
273	 177 F	F	1	11	7	7	4	0
273	 178 F	A	1	5	3	2	3	0
273	 179 F	V	1	7	3	0	3	0
273	 180 F	E	1	9	4	0	4	0
273	 181 F	L	1	8	3	3	0	0
273	 182 F	H	1	10	5	0	5	0
273	 183 F	G	1	4	0	0	0	0
273	 184 F	S	1	6	3	2	2	0
273	 185 F	V	1	7	4	1	4	0
273	 186 F	G	1	4	0	0	0	0
273	 187 F	L	1	8	6	6	2	0
273	 188 F	Y	1	12	10	3	8	0
273	 189 F	R	1	11	5	0	5	0
273	 190 F	L	1	8	3	1	2	0
273	 191 F	A	1	5	1	1	1	0
273	 192 F	V	0	7	1	0	1	0
273	 193 F	K	0	9	0	0	0	0
273	 194 F	W	0	14	8	5	3	6
275	 202 F	P	0	7	3	0	0	3
275	 203 F	D	0	8	6	2	0	6
275	 204 F	K	0	9	7	6	0	7
275	 205 F	T	1	7	4	4	0	2
275	 206 F	R	1	11	7	5	3	6
275	 207 F	A	1	5	4	4	0	3
275	 208 F	N	1	8	6	6	0	1
275	 209 F	L	1	8	5	4	2	0
275	 210 F	K	1	9	6	5	2	2
275	 211 F	K	1	9	6	6	0	0
275	 212 F	L	1	8	5	5	0	0
275	 213 F	K	1	9	6	6	4	0
275	 214 F	T	1	7	5	5	0	0
275	 215 F	L	1	8	5	5	0	0
275	 216 F	M	1	8	6	6	1	0
275	 217 F	S	1	6	2	2	2	0
275	 218 F	A	1	5	3	3	0	0
275	 219 F	F	1	11	9	9	1	0
275	 220 F	L	1	8	4	2	3	0
275	 221 F	I	1	8	4	3	3	0
275	 222 F	V	1	7	3	3	0	0
275	 223 F	L	1	8	3	3	0	0
275	 224 F	G	1	4	2	0	2	0
275	 225 F	L	1	8	6	6	2	0
275	 226 F	L	1	8	6	6	0	1
275	 227 F	T	1	7	1	0	1	0
275	 228 F	F	1	11	4	2	3	1
275	 229 F	G	1	4	3	3	0	3
275	 230 F	A	0	5	3	2	0	3
275	 231 F	Y	0	12	2	0	2	0
275	 232 F	V	0	7	3	3	0	3
275	 233 F	K	0	9	6	0	0	6
275	 234 F	K	0	9	6	0	0	6
275	 235 F	G	0	4	1	0	0	1
