H-Nr	AAId	AA	I/A	ges	Kont	Memb	Hel	H2O
2	   6 A	A	0	5	5	1	1	4
2	   7 A	L	0	8	5	1	4	4
2	   8 A	L	0	8	4	0	4	0
2	   9 A	A	1	5	4	3	1	3
2	  10 A	A	1	5	5	5	0	4
2	  11 A	V	1	7	4	2	3	1
2	  12 A	T	1	7	3	2	3	1
2	  13 A	L	1	8	4	4	0	0
2	  14 A	L	1	8	5	5	3	0
2	  15 A	G	1	4	3	0	3	0
2	  16 A	V	1	7	5	4	2	0
2	  17 A	L	1	8	6	6	0	0
2	  18 A	L	1	8	6	6	2	0
2	  19 A	Q	1	9	5	4	3	4
2	  20 A	A	1	5	3	3	0	2
2	  21 A	Y	1	12	9	9	0	3
2	  22 A	F	0	11	7	0	7	0
2	  23 A	S	0	6	2	2	0	2
2	  24 A	L	0	8	5	4	0	5
2	  25 A	Q	0	9	6	3	2	5
2	  26 A	V	0	7	4	0	2	2
2	  27 A	I	0	8	5	2	0	5
2	  28 A	S	0	6	4	0	0	4
2	  29 A	A	0	5	3	0	1	3
2	  30 A	R	0	11	7	0	1	6
2	  31 A	R	0	11	11	0	0	11
2	  32 A	A	0	5	4	0	0	4
4	  44 A	P	0	7	4	0	0	4
4	  45 A	E	0	9	5	0	0	5
4	  46 A	F	0	11	3	0	3	0
4	  47 A	E	0	9	6	0	0	6
4	  48 A	R	0	11	7	0	5	5
4	  49 A	V	0	7	3	0	3	2
4	  50 A	Y	0	12	5	0	0	5
4	  51 A	R	0	11	7	0	2	6
4	  52 A	A	0	5	2	0	2	0
4	  53 A	Q	0	9	5	0	2	3
4	  54 A	V	0	7	3	0	0	3
4	  55 A	N	0	8	4	0	3	2
4	  56 A	C	0	6	2	0	2	0
4	  57 A	S	1	6	5	4	3	4
4	  58 A	E	1	9	7	4	0	6
4	  59 A	Y	1	12	8	6	5	5
4	  60 A	F	1	11	7	3	5	1
4	  61 A	P	1	7	5	5	0	2
4	  62 A	L	1	8	5	5	0	1
4	  63 A	F	1	11	8	0	8	0
4	  64 A	L	1	8	4	3	1	0
4	  65 A	A	1	5	4	4	0	0
4	  66 A	T	1	7	4	4	2	0
4	  67 A	L	1	8	3	0	3	0
4	  68 A	W	1	14	10	8	7	6
4	  69 A	V	1	7	4	4	2	3
4	  70 A	A	1	5	1	0	1	0
4	  71 A	G	0	4	3	0	2	1
4	  72 A	I	0	8	7	2	0	7
4	  73 A	F	0	11	8	1	3	7
6	  76 A	E	0	9	6	0	4	3
6	  77 A	G	0	4	4	1	0	4
6	  78 A	A	0	5	4	3	0	4
6	  79 A	A	1	5	4	0	4	0
6	  80 A	A	1	5	1	1	1	1
6	  81 A	L	1	8	5	5	0	4
6	  82 A	C	1	6	4	4	2	0
6	  83 A	G	1	4	1	0	1	0
6	  84 A	L	1	8	6	6	2	0
6	  85 A	V	1	7	4	4	2	0
6	  86 A	Y	1	12	9	1	9	0
6	  87 A	L	1	8	6	3	5	0
6	  88 A	F	1	11	9	9	0	0
6	  89 A	A	1	5	2	1	2	0
6	  90 A	R	1	11	6	1	6	1
6	  91 A	L	1	8	4	4	3	0
6	  92 A	R	1	11	9	8	3	5
6	  93 A	Y	0	12	9	0	9	1
6	  94 A	F	0	11	7	1	7	1
6	  95 A	Q	0	9	7	5	0	6
6	  96 A	G	0	4	2	0	0	2
6	  97 A	Y	0	12	9	0	9	3
6	  98 A	A	0	5	3	0	2	3
8	 105 A	L	0	8	3	0	0	3
8	 106 A	A	0	5	5	4	0	5
8	 107 A	P	1	7	4	3	2	3
8	 108 A	L	1	8	5	1	4	3
8	 109 A	Y	1	12	9	5	0	8
8	 110 A	A	1	5	2	2	1	1
8	 111 A	S	1	6	6	2	4	0
8	 112 A	A	1	5	2	2	0	1
8	 113 A	R	1	11	10	10	0	1
8	 114 A	A	1	5	2	2	1	0
8	 115 A	L	1	8	4	3	4	0
8	 116 A	W	1	14	12	12	0	0
8	 117 A	L	1	8	6	6	2	0
8	 118 A	L	1	8	6	0	6	0
8	 119 A	V	1	7	6	4	3	0
8	 120 A	A	1	5	2	2	0	0
8	 121 A	L	1	8	3	2	1	2
8	 122 A	A	1	5	1	1	1	0
8	 123 A	A	1	5	4	4	0	0
8	 124 A	L	1	8	6	4	0	5
8	 125 A	G	0	4	2	0	1	2
8	 126 A	L	0	8	5	4	3	4
8	 127 A	L	0	8	6	4	0	6
8	 128 A	A	0	5	5	0	0	5
8	 129 A	H	0	10	8	0	1	8
8	 130 A	F	0	11	9	2	0	9
8	 131 A	L	0	8	5	2	0	5
8	 132 A	P	0	7	6	0	0	6
8	 133 A	A	0	5	4	0	0	4
8	 134 A	A	0	5	5	0	0	5
8	 135 A	L	0	8	4	0	0	4
8	 136 A	R	0	11	9	0	0	9
8	 137 A	A	0	5	4	0	0	4
8	 138 A	A	0	5	4	0	0	4
8	 139 A	L	0	8	6	0	0	6
8	 140 A	L	0	8	7	0	0	7
8	 141 A	G	0	4	4	0	0	4
8	 142 A	R	0	11	9	0	0	9
8	 143 A	L	0	8	6	0	0	6
