H-Nr	AAId	AA	I/A	ges	Kont	Memb	Hel	H2O
5	  19 A	I	1	8	4	4	0	2
5	  20 A	T	1	7	4	4	0	0
5	  21 A	F	1	11	4	2	3	0
5	  22 A	I	1	8	4	4	0	1
5	  23 A	L	1	8	5	5	0	0
5	  24 A	F	1	11	6	5	3	0
5	  25 A	L	1	8	4	3	3	0
5	  26 A	V	1	7	4	4	0	0
5	  27 A	V	1	7	5	5	0	3
5	  28 A	I	1	8	5	5	1	4
5	  29 A	I	1	8	4	4	0	1
5	  30 A	G	1	4	4	4	0	3
5	  31 A	L	0	8	6	4	0	6
7	  38 A	I	0	8	6	1	0	6
7	  39 A	F	0	11	5	0	0	5
7	  40 A	W	0	14	10	5	0	10
7	  41 A	A	1	5	1	1	0	1
7	  42 A	V	1	7	2	2	0	2
7	  43 A	L	1	8	4	4	0	4
7	  44 A	F	1	11	9	6	7	1
7	  45 A	I	1	8	6	6	0	1
7	  46 A	L	1	8	1	1	0	1
7	  47 A	L	1	8	3	3	0	0
7	  48 A	F	1	11	8	3	5	0
7	  49 A	V	1	7	4	4	0	0
7	  50 A	S	1	6	2	2	0	0
7	  51 A	V	1	7	2	2	0	0
7	  52 A	V	1	7	3	3	0	0
7	  53 A	L	1	8	4	3	3	0
7	  54 A	H	1	10	4	2	2	0
7	  55 A	E	1	9	4	4	0	2
7	  56 A	L	1	8	5	5	0	5
7	  57 A	G	0	4	2	2	1	2
7	  58 A	H	0	10	7	4	6	5
7	  59 A	S	0	6	1	0	0	1
7	  60 A	Y	0	12	7	1	0	7
7	  61 A	V	0	7	3	1	3	3
7	  62 A	A	0	5	2	0	2	0
7	  63 A	K	0	9	6	0	0	6
7	  64 A	K	0	9	8	0	0	8
11	  91 A	E	0	9	6	0	1	6
11	  92 A	L	0	8	4	0	2	4
11	  93 A	R	0	11	9	1	1	9
11	  94 A	I	0	8	6	0	5	2
11	  95 A	G	0	4	4	0	3	2
11	  96 A	I	1	8	3	2	1	2
11	  97 A	A	1	5	3	3	1	3
11	  98 A	G	1	4	3	0	3	0
11	  99 A	P	1	7	1	0	1	0
11	 100 A	L	1	8	4	2	3	2
11	 101 A	V	1	7	4	4	1	2
11	 102 A	S	1	6	1	0	1	0
11	 103 A	F	1	11	5	3	5	0
11	 104 A	I	1	8	4	4	0	0
11	 105 A	I	1	8	5	5	1	0
11	 106 A	G	1	4	0	0	0	0
11	 107 A	I	1	8	4	4	1	0
11	 108 A	V	1	7	3	3	0	0
11	 109 A	L	1	8	3	3	0	0
11	 110 A	L	1	8	3	3	0	2
11	 111 A	I	1	8	4	4	0	3
11	 112 A	V	1	7	4	4	0	4
20	 163 A	Y	0	12	7	0	3	7
20	 164 A	L	0	8	5	0	4	4
20	 165 A	K	0	9	6	0	0	6
20	 166 A	S	0	6	0	0	0	0
20	 167 A	T	0	7	3	0	3	0
20	 168 A	K	0	9	4	1	3	3
20	 169 A	I	0	8	1	0	1	1
20	 170 A	A	1	5	0	0	0	0
20	 171 A	A	1	5	2	0	2	0
20	 172 A	N	1	8	4	3	3	3
20	 173 A	I	1	8	2	0	1	1
20	 174 A	G	1	4	0	0	0	0
20	 175 A	K	1	9	6	3	5	2
20	 176 A	S	1	6	1	0	1	0
20	 177 A	L	1	8	3	3	1	0
20	 178 A	A	1	5	3	2	2	0
20	 179 A	L	1	8	6	6	3	0
20	 180 A	I	1	8	4	2	3	1
20	 181 A	M	1	8	5	5	3	2
20	 182 A	L	1	8	6	4	4	0
20	 183 A	L	1	8	4	4	0	2
20	 184 A	F	1	11	7	3	6	5
20	 185 A	G	1	4	4	0	4	0
20	 186 A	L	1	8	8	5	3	5
20	 187 A	L	0	8	7	2	0	7
22	 191 A	I	1	8	5	2	0	5
22	 192 A	I	1	8	4	4	0	4
22	 193 A	L	1	8	5	5	4	4
22	 194 A	I	1	8	4	3	2	3
22	 195 A	L	1	8	4	4	0	3
22	 196 A	V	1	7	3	3	1	0
22	 197 A	S	1	6	3	2	3	0
22	 198 A	L	1	8	5	5	0	0
22	 199 A	F	1	11	8	8	0	0
22	 200 A	V	1	7	4	4	1	0
22	 201 A	Y	1	12	10	8	5	0
22	 202 A	F	1	11	9	9	0	4
22	 203 A	G	1	4	3	3	0	2
22	 204 A	A	1	5	1	0	1	0
22	 205 A	E	1	9	4	3	0	4
22	 206 A	Q	0	9	7	4	0	7
22	 207 A	E	0	9	4	1	0	4
22	 208 A	S	0	6	3	1	3	1
22	 209 A	R	0	11	8	1	0	8
22	 210 A	V	0	7	4	0	0	4
22	 211 A	V	0	7	4	0	3	4
22	 212 A	E	0	9	7	0	4	4
22	 213 A	V	0	7	3	0	0	3
22	 214 A	E	0	9	5	0	0	5
22	 215 A	T	0	7	4	0	3	4
22	 216 A	I	0	8	6	0	0	6
22	 217 A	F	0	11	9	0	0	9
22	 218 A	K	0	9	8	0	0	8
29	  19 B	I	1	8	4	4	0	1
29	  20 B	T	1	7	3	2	2	0
29	  21 B	F	1	11	2	0	2	0
29	  22 B	I	1	8	4	4	0	0
29	  23 B	L	1	8	5	5	2	0
29	  24 B	F	1	11	7	0	6	2
29	  25 B	L	1	8	5	2	4	0
29	  26 B	V	1	7	4	4	0	2
29	  27 B	V	1	7	5	5	3	3
29	  28 B	I	1	8	4	1	4	1
29	  29 B	I	1	8	5	5	0	4
29	  30 B	G	0	4	4	2	0	4
29	  31 B	L	0	8	6	3	3	5
29	  32 B	S	0	6	3	1	1	2
29	  33 B	I	0	8	6	2	0	6
29	  34 B	M	0	8	7	0	0	7
31	  39 B	F	0	11	5	0	0	5
31	  40 B	W	0	14	12	0	7	7
31	  41 B	A	0	5	3	3	0	3
31	  42 B	V	0	7	4	4	1	4
31	  43 B	L	1	8	4	0	2	4
31	  44 B	F	1	11	8	3	7	0
31	  45 B	I	1	8	5	5	0	2
31	  46 B	L	1	8	4	2	4	2
31	  47 B	L	1	8	4	0	4	2
31	  48 B	F	1	11	7	7	0	0
31	  49 B	V	1	7	3	3	0	0
31	  50 B	S	1	6	2	0	2	0
31	  51 B	V	1	7	2	0	2	0
31	  52 B	V	1	7	3	3	0	0
31	  53 B	L	1	8	4	3	3	0
31	  54 B	H	1	10	4	0	4	0
31	  55 B	E	1	9	0	0	0	0
31	  56 B	L	1	8	6	6	0	5
31	  57 B	G	1	4	2	2	1	1
31	  58 B	H	0	10	2	0	2	0
31	  59 B	S	0	6	1	1	0	1
31	  60 B	Y	0	12	10	2	0	10
31	  61 B	V	0	7	3	1	3	3
31	  62 B	A	0	5	3	0	3	0
31	  63 B	K	0	9	6	0	0	6
35	  90 B	G	0	4	0	0	0	0
35	  91 B	E	0	9	2	0	0	2
35	  92 B	L	0	8	4	2	0	4
35	  93 B	R	0	11	8	0	1	8
35	  94 B	I	0	8	3	0	3	0
35	  95 B	G	0	4	2	0	2	0
35	  96 B	I	0	8	4	4	0	4
35	  97 B	A	0	5	3	3	1	3
35	  98 B	G	1	4	3	0	3	0
35	  99 B	P	1	7	4	0	4	0
35	 100 B	L	1	8	3	3	0	2
35	 101 B	V	1	7	4	4	1	1
35	 102 B	S	1	6	3	0	3	0
35	 103 B	F	1	11	7	1	7	0
35	 104 B	I	1	8	4	3	2	0
35	 105 B	I	1	8	5	5	1	0
35	 106 B	G	1	4	4	0	4	0
35	 107 B	I	1	8	4	1	4	0
35	 108 B	V	1	7	3	3	0	0
35	 109 B	L	1	8	5	3	4	0
35	 110 B	L	1	8	6	3	6	3
35	 111 B	I	1	8	5	5	0	2
35	 112 B	V	1	7	4	4	1	3
40	 125 B	L	0	8	3	3	1	3
40	 126 B	L	1	8	3	2	3	2
40	 127 B	Y	1	12	8	0	3	8
40	 128 B	T	1	7	4	0	2	4
40	 129 B	L	1	8	4	2	4	1
40	 130 B	S	1	6	3	0	3	0
40	 131 B	L	1	8	3	0	1	2
40	 132 B	L	1	8	6	0	1	6
40	 133 B	N	1	8	5	0	5	0
40	 134 B	L	1	8	2	0	2	0
40	 135 B	M	1	8	2	0	0	2
40	 136 B	L	1	8	4	0	1	3
40	 137 B	G	1	4	2	0	2	0
40	 138 B	G	1	4	2	0	2	0
40	 139 B	F	1	11	7	0	1	7
44	 163 B	Y	0	12	9	0	0	9
44	 164 B	L	0	8	7	0	0	7
44	 165 B	K	0	9	6	0	0	6
44	 166 B	S	0	6	0	0	0	0
44	 167 B	T	0	7	3	0	0	3
44	 168 B	K	0	9	7	0	0	7
44	 169 B	I	0	8	5	0	0	5
44	 170 B	A	0	5	0	0	0	0
44	 171 B	A	0	5	2	0	0	2
44	 172 B	N	0	8	6	1	0	6
44	 173 B	I	0	8	5	2	4	2
44	 174 B	G	1	4	0	0	0	0
44	 175 B	K	1	9	6	3	3	4
44	 176 B	S	1	6	4	2	3	1
44	 177 B	L	1	8	6	3	5	0
44	 178 B	A	1	5	1	1	1	0
44	 179 B	L	1	8	5	5	0	0
44	 180 B	I	1	8	3	3	3	0
44	 181 B	M	1	8	1	0	1	0
44	 182 B	L	1	8	6	3	4	0
44	 183 B	L	1	8	5	5	0	0
44	 184 B	F	1	11	7	7	5	2
44	 185 B	G	1	4	2	0	2	0
44	 186 B	L	1	8	7	6	2	3
44	 187 B	L	1	8	7	7	0	5
46	 191 B	I	1	8	5	5	1	5
46	 192 B	I	1	8	4	0	0	4
46	 193 B	L	1	8	4	0	4	0
46	 194 B	I	1	8	3	2	2	1
46	 195 B	L	1	8	4	2	2	2
46	 196 B	V	1	7	3	0	1	3
46	 197 B	S	1	6	3	2	2	0
46	 198 B	L	1	8	5	5	0	0
46	 199 B	F	1	11	8	1	6	2
46	 200 B	V	1	7	2	0	2	0
46	 201 B	Y	1	12	8	6	8	3
46	 202 B	F	1	11	8	8	0	3
46	 203 B	G	1	4	0	0	0	0
46	 204 B	A	0	5	1	0	1	0
46	 205 B	E	0	9	5	3	1	5
